  5.4940   0.0358   1.4758
  2.6395   0.1512   3.3962
  3.0015   1.4090   3.0477
  3.1931   2.0120   2.6393
  2.6395   0.1512   3.3962
  1.8921   0.5135   3.3243
  1.6422  -0.5719   3.2638
  2.6395   0.1512   3.3962
  3.2175  -2.0731   2.5813
  2.6395   0.1512   3.3962
  4.6581  -0.0094   2.5727
  3.6140   2.7419   1.6329
  2.7989   2.9056   1.7354
  3.6140   2.7419   1.6329
  4.4249   2.1709   1.6999
  4.1091   2.8464   0.8082
  4.6418   2.5758  -0.1810
  3.2177   3.1612   0.9835
  2.8576   3.3297   0.5548
  3.2251  -2.9403   1.5125
  4.0104  -2.4722   1.7195
  4.5292  -2.0821   1.6804
  4.9376  -1.3887   1.8308
  3.2251  -2.9403   1.5125
  3.2251  -2.9403   1.5125
  3.8480  -2.9742   0.8352
  4.3835  -2.7328   0.5147
  4.8619  -2.3716  -0.0603
  5.6735   0.7668   0.6721
  5.4940   0.0358   1.4758
  5.7275  -0.4870   0.6664
  5.7390  -0.7720  -0.0155
  4.3479   2.2168  -1.7171
  3.6978   2.5176  -1.8964
  2.9265   2.7094  -1.9891
  5.0767   1.0766  -1.8352
  5.2759   0.1732  -1.8437
  3.6855   0.9679  -3.0016
  2.5551  -2.8110  -1.8997
  1.9110  -1.3405  -3.0746
  4.7548  -1.5364  -1.9385
  4.2898  -1.0174  -2.6502
  3.6182  -0.3202  -3.1626
  2.3523   2.3389   2.4744
  1.8983   1.5374   2.9929
  4.9927   0.8813   2.0580
  4.4022   0.9606   2.6031
  4.0331   1.6193   2.5297
  2.4656  -2.5053   2.3023
  2.1330  -1.5699   3.0065
  4.9086  -0.6939   2.2250
  5.1597   1.9592  -0.5115
  5.4352   1.5802   0.1714
  5.1288   1.8634   0.9015
  5.3149  -1.7417  -0.4267
  5.3293  -1.5735   0.8200
  4.4459  -2.4247  -1.2592
  3.6479  -2.9077  -1.2617
  2.8814  -3.1930  -1.0653
  4.1385  -2.8720  -0.6073
  3.5961  -3.1888  -0.1200
  5.4692  -0.8186  -1.2745
  5.5198   0.7380  -1.2025
  5.7435  -0.2964  -0.6872
  5.7436   0.5437  -0.5184
  2.6800   1.1321  -3.1907
  3.4985   1.8057  -2.6699
  4.3178  -0.2136  -2.8123
  4.7719   0.1258  -2.4540
  2.9221  -0.7893  -3.2635
  2.7618  -1.5450  -3.0032
  0.8996  -0.0181  -3.4074
  1.0600   0.4714   3.3572
  1.2579   1.0191   3.2194
  0.7744  -0.3326   3.3728
  0.2825   0.1218   3.3309
  1.6107  -0.1221   3.3183
  1.2635  -0.9093  -3.2639
  0.4089  -1.0526   3.3845
  0.4089  -1.0526   3.3845
 -0.3385  -0.6903   3.3126
  0.4089  -1.0526   3.3845
  0.4802  -1.9221   3.3052
  0.7430  -2.3463   3.1492
  0.9143  -2.7907   2.9137
  0.9869  -3.2770   2.5695
  0.4089  -1.0526   3.3845
  1.3807  -1.1350   3.1812
 -0.2318  -4.1284   1.6712
  0.9945  -4.1441   1.5007
  1.7797  -3.6761   1.7078
  2.2986  -3.2860   1.6686
  0.9945  -4.1441   1.5007
  0.4040  -4.5955   0.0366
  0.9945  -4.1441   1.5007
 -0.1510  -4.2186  -1.5349
  0.3244  -4.0148  -1.9115
  0.9116  -3.8373  -2.0319
  1.5819  -3.5429  -2.0462
 -0.3808  -3.3428  -2.5829
 -0.3196  -2.5443  -3.0864
  2.0591  -2.2213  -2.6620
  1.3875  -1.5240  -3.1743
  0.2350  -3.7092   2.2906
 -0.0976  -2.7737   2.9948
  1.9292  -2.8336   2.4233
  0.0191  -4.5247   0.6930
  2.2153  -3.6286  -1.2709
  1.4173  -4.1115  -1.2734
  0.6508  -4.3968  -1.0771
  0.6915  -1.9931  -3.2753
  0.5311  -2.7489  -3.0150
  1.1599  -3.0879  -2.6661
 -2.3308  -4.1336  -1.3117
 -0.9876  -1.0594   3.3915
 -0.9876  -1.0594   3.3915
 -1.9849  -1.7825   3.2591
 -2.7276  -2.4378   2.7785
 -0.9876  -1.0594   3.3915
 -0.9163  -1.9289   3.3122
 -0.6535  -2.3531   3.1562
 -0.4822  -2.7975   2.9207
 -0.9876  -1.0594   3.3915
 -3.2432  -3.4406   1.5504
 -2.7877  -3.7197   1.6538
 -2.2468  -3.9478   1.7216
 -1.6283  -4.1351   1.6782
 -3.6958  -2.9175   1.5524
 -4.0225  -2.8770   0.8981
 -4.2591  -2.6365   0.3975
 -3.6958  -2.9175   1.5524
 -0.9925  -4.6023   0.0436
 -3.3270  -3.1011  -1.8561
 -2.9303  -1.5513  -2.9047
 -2.3308  -4.1336  -1.3117
 -1.5475  -4.2254  -1.5279
 -1.0721  -4.0216  -1.9045
 -2.1525  -3.7204  -2.0825
 -1.7773  -3.3496  -2.5759
 -1.7161  -2.5511  -3.0794
 -3.6185  -2.2175   2.1665
 -3.1250  -1.8401   2.7311
 -1.1615  -3.7160   2.2976
 -2.4595  -3.3074   2.3607
 -2.0332  -3.0173   2.7569
 -1.4941  -2.7805   3.0018
 -1.3774  -4.5314   0.7000
 -2.0769  -4.3957   0.7967
 -3.5513  -3.3503  -1.1987
 -4.0213  -2.4854  -1.4001
 -4.0415  -2.9376  -0.6990
 -3.7636  -3.4339  -0.1743
 -0.7457  -4.4036  -1.0701
 -2.0593  -1.7958  -3.2352
 -2.5129  -2.9992  -2.5731
 -2.9878  -2.4621  -2.6042
 -0.7050  -1.9999  -3.2683
 -0.8654  -2.7557  -3.0080
 -4.2100   1.9198   1.6062
 -4.3831  -1.5497   1.7492
 -5.0171   0.0086  -1.3704
 -1.9239  -0.0256  -3.3945
 -1.7635   0.4639   3.3701
 -2.0491  -0.3401   3.3857
 -2.5410   0.1143   3.3439
 -2.9042   0.5960   3.2004
 -3.4598   0.8419   2.9101
 -3.4941  -1.2127   2.7587
 -1.2128  -0.1296   3.3312
 -4.2100   1.9198   1.6062
 -4.5440   1.1038   1.8453
 -4.7727   0.4450   1.7808
 -4.7113   1.6382   1.0090
 -5.0071   1.1945   0.7268
 -4.3831  -1.5497   1.7492
 -4.9036  -1.3533   0.8786
 -5.0700  -1.2338   0.2210
 -4.3186  -2.1185   1.1338
 -4.2021   1.4317  -2.0532
 -5.0171   0.0086  -1.3704
 -4.6648  -1.1063  -1.6507
 -4.5730   0.0422  -2.1053
 -4.0425  -0.1449  -2.6372
 -3.3154  -0.2423  -3.0803
 -4.4286  -0.2433   2.2744
 -3.6729  -0.3248   2.8935
 -4.9436   1.0145  -1.1386
 -4.5124   1.7193  -1.3400
 -4.4390   2.1490  -0.7174
 -4.8812   1.6337  -0.1954
 -4.7307  -1.6724  -0.8917
 -4.5902  -2.0821  -0.2011
 -0.7056  -0.0603  -3.1744
 -2.8163   0.5172  -3.2294
 -3.6804   0.6455  -2.8226
 -3.2611   1.3048  -2.8263
 -2.8733  -1.3287  -2.9730
 -3.3346  -0.9015  -2.9471
 -3.7029  -1.6560  -2.3623
 -4.0894  -0.9658  -2.4182
 -0.9952   1.3541   3.3916
 -0.6333   2.6119   3.0431
 -0.9952   1.3541   3.3916
 -1.7426   1.7164   3.3197
 -2.2286   1.8292   3.1835
 -2.5698   2.1894   2.9564
 -2.9533   2.5122   2.6090
 -0.9952   1.3541   3.3916
 -0.9240   0.4846   3.3123
 -0.9952   1.3541   3.3916
 -0.8359   4.1085   1.7308
 -1.4946   4.1329   1.7052
 -2.3221   3.9177   1.7205
 -0.7772   4.5325   0.5501
 -1.1626   4.6030   0.0983
 -1.6019   4.5551  -0.4210
 -3.5895   3.0523   1.5722
 -3.9993   2.2827   1.6133
 -3.5895   3.0523   1.5722
 -3.5491   3.4910   0.9205
 -3.5895   3.0523   1.5722
 -4.2890   2.5356   0.5372
 -0.7082   3.9123  -1.9937
 -1.9496   4.1641  -1.4985
 -2.5131   3.8517  -1.6855
 -2.9708   3.3496  -1.9597
 -1.8086   3.4375  -2.4909
 -2.7366   3.2328   2.2610
 -2.0359   3.4567   2.4099
 -1.2825   3.5417   2.4698
 -1.7365   2.7402   2.9883
 -3.6128   1.8425   2.3173
 -1.9107   4.4339   0.7993
 -1.1532   4.3492  -1.2906
 -0.5788   4.4761  -0.6794
 -3.9236   2.7076  -1.3838
 -3.4230   3.4219  -1.3142
 -3.9297   3.1399  -0.6302
 -0.9548   2.3350  -3.1953
 -2.0717   1.8037  -3.2316
 -3.3022   1.8306  -2.6017
 -3.0225   2.4202  -2.6032
 -2.4464   2.8311  -2.7147
 -0.7127   0.4136  -3.2681
  0.4035   1.3544   3.3843
  0.7655   2.6121   3.0357
  0.9571   3.2152   2.6274
  0.4035   1.3544   3.3843
 -0.3439   1.7167   3.3124
  0.4035   1.3544   3.3843
  0.4035   1.3544   3.3843
  1.3753   1.2720   3.1810
  1.3779   3.9450   1.6209
  0.5628   4.1088   1.7235
 -0.0959   4.1332   1.6978
  1.3779   3.9450   1.6209
  2.1888   3.3740   1.6879
  0.9816   4.3643   0.9716
  0.6215   4.5328   0.5428
  0.2361   4.6033   0.0909
 -0.2032   4.5554  -0.4283
  2.1118   3.4199  -1.7290
  1.4617   3.7207  -1.9084
  0.6905   3.9126  -2.0010
  1.4494   2.1710  -3.0135
 -0.4099   3.4378  -2.4982
  0.1162   3.5420   2.4625
 -0.3378   2.7405   2.9810
  1.7970   2.8224   2.5177
  0.2455   4.3495  -1.2979
  1.2558   4.1787  -1.2651
  0.8199   4.4764  -0.6867
  0.4439   2.3352  -3.2026
  1.2625   3.0088  -2.6818
  3.5960  -2.7728  -1.6744
  4.4843  -2.0056  -1.8876
  3.4313  -2.0769  -2.6047
  3.4844   3.2241  -0.8226
  1.3425  -4.3914   0.5848
  2.5299  -3.6497  -0.5538
  2.5176  -3.5815   0.7226
  1.3425  -4.3914   0.5848
  1.4826  -4.1766  -1.0529
  2.5299  -3.6497  -0.5538
 -2.2248  -4.4596  -0.4569
 -2.8687  -4.1334   0.7495
 -3.3645  -3.8669  -0.4142
 -2.2248  -4.4596  -0.4569
 -5.2204   0.2553  -0.8507
 -5.2204   0.2553  -0.8507
 -5.2204   0.2553  -0.8507
 -5.3417  -0.1775   0.4816
 -2.1054   4.5197   0.0993
 -3.1848   3.9990   0.5178
 -2.5687   4.2502  -0.8154
 -3.6840   3.5557  -0.1566
  1.8100   4.1347   0.8004
  1.8100   4.1347   0.8004
  1.8100   4.1347   0.8004
  1.3817   4.3807  -0.6156
  3.5437  -1.7890   2.7231
  4.4199  -1.0959   2.5864
