 -5.1738  -3.4499  -1.1782
 -3.8306  -0.3757   3.5250
 -3.8306  -0.3757   3.5250
 -4.5780  -0.0134   3.4531
 -5.0640   0.0994   3.3169
 -4.8279  -1.0989   3.3926
 -5.5706  -1.7541   2.9120
 -3.8306  -0.3757   3.5250
 -3.7594  -1.2452   3.4457
 -3.8306  -0.3757   3.5250
 -6.9961  -0.9347   1.7672
 -6.0862  -2.7570   1.6839
 -5.6307  -3.0361   1.7874
 -5.0898  -3.2642   1.8552
 -6.5388  -2.2339   1.6859
 -7.2471  -1.5588  -0.3321
 -6.5388  -2.2339   1.6859
 -5.9146  -3.3466  -0.1693
 -6.1700  -2.4175  -1.7226
 -6.3165  -0.7757  -2.3797
 -5.7733  -0.8676  -2.7711
 -5.1738  -3.4499  -1.1782
 -4.9955  -3.0367  -1.9490
 -4.6203  -2.6659  -2.4424
 -4.5591  -1.8674  -2.9458
 -6.4615  -1.5339   2.3000
 -6.5552  -0.7267   2.4158
 -6.4482   0.1127   2.4507
 -5.9680  -1.1564   2.8646
 -5.9617  -0.3544   2.9358
 -5.3025  -2.6237   2.4943
 -4.8762  -2.3336   2.8905
 -4.3371  -2.0968   3.1353
 -7.3885  -1.1236   0.1821
 -7.2935  -1.0087   1.0026
 -5.2329  -3.7097   0.1304
 -4.9199  -3.7120   0.9303
 -5.6836  -3.4105   0.8693
 -6.3943  -2.6666  -1.0652
 -6.8644  -1.8017  -1.2665
 -4.9023  -1.1121  -3.1016
 -5.3559  -2.3155  -2.4396
 -5.8308  -1.7785  -2.4707
 -3.5480  -1.3162  -3.1347
 -4.3406   0.8186   3.3658
 -4.0040   1.7161   3.2632
 -4.3406   0.8186   3.3658
 -5.1549   1.3311   3.2151
 -4.3406   0.8186   3.3658
 -3.2631   0.8040   3.2243
 -4.6975   2.4169  -3.0438
 -5.6318   0.7061  -3.1256
 -4.6394   2.8849   2.7062
 -5.0340   2.1600   3.0281
 -6.0300   0.7078   2.8506
 -4.9358   1.3355  -3.3315
 -5.5736   0.0944  -3.0498
 -2.7947   1.8330   3.2449
 -2.4327   3.0907   2.8963
 -2.2410   3.6938   2.4880
 -2.7947   1.8330   3.2449
 -3.5421   2.1953   3.1730
 -2.7947   1.8330   3.2449
 -2.7234   0.9635   3.1656
 -2.7947   1.8330   3.2449
 -1.8202   4.4236   1.4815
 -2.6353   4.5874   1.5841
 -3.2941   4.6118   1.5584
 -4.1216   4.3965   1.5738
 -1.8202   4.4236   1.4815
 -1.3251   4.5281   0.6569
 -2.2165   4.8429   0.8322
 -2.5766   5.0114   0.4034
 -4.9146   4.4196  -0.8019
 -1.7364   4.1993  -2.0478
 -2.5077   4.3912  -2.1404
 -1.7487   2.6496  -3.1529
 -3.7491   4.6429  -1.6452
 -4.3126   4.3306  -1.8322
 -4.7703   3.8285  -2.1064
 -3.6080   3.9164  -2.6376
 -4.5360   3.7116   2.1143
 -3.8353   3.9356   2.2632
 -3.0819   4.0206   2.3231
 -3.5359   3.2191   2.8416
 -4.5854   4.6169   0.5335
 -3.7102   4.9127   0.6526
 -1.9423   4.6573  -1.4045
 -1.7208   4.8236  -0.3655
 -2.7542   2.8138  -3.3420
 -1.9357   3.4874  -2.8212
 -3.8711   2.2826  -3.3783
 -4.8220   2.8991  -2.7499
 -4.2458   3.3100  -2.8614
 -2.5121   0.8925  -3.4148
 -1.8646   1.0185   3.2976
 -1.5280   1.9159   3.1950
 -1.3651   2.6636   2.8981
 -1.8646   1.0185   3.2976
 -1.8646   1.0185   3.2976
 -0.7871   1.0038   3.1561
 -0.1940   0.9806   2.9148
 -0.9193   3.9249   1.6096
 -0.2998   3.5984   1.6965
  0.2330   3.3770   1.4619
 -0.3640   4.0526   0.8709
  0.0552   3.9293   0.4531
 -0.9193   3.9249   1.6096
 -0.4761   3.6015  -2.0218
 -0.1777   2.1644  -2.9171
 -0.1529   3.0441   2.1869
  0.2047   1.8309   2.5787
 -0.4486   2.6790   2.6155
 -0.5381   2.0562   2.9280
 -0.0701   3.7491  -1.4144
 -0.2801   4.0777  -0.8427
 -0.6637   4.3244  -0.2245
 -1.4924   2.0248  -3.3628
 -1.0218   2.5165  -3.1049
 -0.6364   3.0099  -2.6843
 -0.6104   1.1392  -3.2987
 -1.3788  -0.1577   3.4551
 -1.3788  -0.1577   3.4551
 -2.1262   0.2046   3.3832
 -1.3788  -0.1577   3.4551
 -1.3788  -0.1577   3.4551
 -1.0963  -1.0982  -3.2046
 -3.9221  -4.0092  -1.1345
 -2.5789  -0.9349   3.5687
 -2.5789  -0.9349   3.5687
 -3.3263  -0.5727   3.4968
 -3.5762  -1.6581   3.4363
 -2.5789  -0.9349   3.5687
 -2.5076  -1.8045   3.4894
 -2.2448  -2.2286   3.3334
 -2.0735  -2.6730   3.0979
 -2.0009  -3.1593   2.7537
 -2.5789  -0.9349   3.5687
 -4.3790  -3.5953   1.8310
 -3.8381  -3.8234   1.8989
 -3.2196  -4.0107   1.8555
 -4.6628  -3.9058  -0.1256
 -1.9933  -4.0265   1.6849
 -1.9933  -4.0265   1.6849
 -1.9933  -4.0265   1.6849
 -3.9221  -4.0092  -1.1345
 -3.1387  -4.1010  -1.3506
 -2.6634  -3.8971  -1.7272
 -2.0762  -3.7196  -1.8476
 -3.7438  -3.5959  -1.9053
 -3.3686  -3.2252  -2.3987
 -3.3074  -2.4267  -2.9021
 -2.7528  -3.5915   2.4748
 -4.0508  -3.1830   2.5380
 -3.6245  -2.8928   2.9342
 -3.0854  -2.6561   3.1790
 -3.9812  -4.2689   0.1741
 -3.6682  -4.2713   0.9740
 -4.4319  -3.9697   0.9130
 -1.5705  -3.9939  -1.0892
 -2.3370  -4.2792  -0.8928
 -3.6506  -1.6714  -3.0579
 -4.1042  -2.8748  -2.3959
 -2.2963  -1.8755  -3.0910
 -2.4567  -2.6312  -2.8307
 -1.8279  -2.9702  -2.4818
 -7.5451   3.0657   1.3060
 -7.5687  -0.1604   1.3000
 -6.2185   4.0343  -1.4161
 -8.0972   1.4537  -1.4344
 -5.9450   3.2023   2.3373
 -7.1828   1.5041   2.3724
 -6.2901   4.2666   0.5722
 -8.3575   1.4542   0.5336
 -7.7879   3.2160  -0.6041
 -7.7993  -0.3200  -0.6102
 -6.8710   2.5580  -2.4743
 -6.8928   0.3704  -2.4834
 -5.6739   2.3529   2.8108
 -6.2874   1.4914   2.8269
 -5.1904   3.7245   1.9224
 -5.3821   4.2655   1.0462
 -6.8786   3.1125   1.9739
 -7.5282   2.3302   1.8829
 -7.0317   3.7368   1.0358
 -8.0648   2.3139   1.0499
 -7.8613   3.1222   0.4231
 -7.5033   0.5195   1.8968
 -8.0799   0.5344   0.9880
 -7.7937  -0.3423   0.4119
 -6.3446   4.2818  -0.5524
 -5.3892   4.2898  -1.1299
 -7.0550   3.7322  -1.1574
 -5.6134   3.7420  -2.0444
 -6.6000   3.4248  -2.0251
 -8.3770   1.3380  -0.5656
 -8.1212   2.2859  -1.0758
 -8.0913   0.5656  -1.1321
 -7.6304   1.9110  -2.0609
 -7.6568   0.8381  -1.9948
 -6.1124   1.9793  -2.9739
 -6.1178   0.9098  -2.9745
 -6.7437   0.5896   2.5064
 -7.8767   1.3796   1.6580
 -5.4896   4.4757   0.0247
 -7.0895   3.9486   0.0610
 -8.3100   2.2445  -0.0390
 -8.2913   0.5777   0.0553
 -7.6002   2.9005  -1.5473
 -7.5149  -0.1421  -1.5494
 -5.7396   2.9755  -2.6720
 -6.9737   1.5762  -2.6580
 -0.1305  -0.8156   3.5105
 -0.1305  -0.8156   3.5105
 -0.8779  -0.4534   3.4386
 -1.1278  -1.5388   3.3781
 -0.1305  -0.8156   3.5105
 -0.0593  -1.6852   3.4312
  0.2036  -2.1093   3.2753
  0.3748  -2.5537   3.0397
  0.4475  -3.0400   2.6956
 -0.1305  -0.8156   3.5105
 -1.3897  -3.7041   1.8407
 -0.7712  -3.8914   1.7973
 -0.6904  -3.9817  -1.4088
 -0.2150  -3.7778  -1.7854
  0.3722  -3.6003  -1.9058
 -1.2954  -3.4766  -1.9635
 -0.9202  -3.1059  -2.4569
 -0.8590  -2.3074  -2.9603
 -0.3044  -3.4722   2.4166
 -1.1761  -2.7735   2.8760
 -0.6370  -2.5367   3.1208
 -1.2022  -1.5521  -3.1161
  0.1521  -1.7562  -3.1492
 -0.0083  -2.5119  -2.8889
  1.1758  -0.3476   3.4316
  1.5378   0.9101   3.0831
  1.1758  -0.3476   3.4316
  0.4284   0.0147   3.3597
  1.1758  -0.3476   3.4316
  1.1758  -0.3476   3.4316
  0.4345   1.0385   3.0283
  0.0994   0.1020  -3.1916
  1.4584  -1.2881  -3.2281
  2.3333  -1.2276   3.5150
  2.3333  -1.2276   3.5150
  1.5859  -0.8653   3.4431
  1.3360  -1.9508   3.3826
  2.3333  -1.2276   3.5150
  2.4046  -2.0971   3.4357
  2.6675  -2.5213   3.2797
  2.3333  -1.2276   3.5150
  3.3052  -1.3100   3.3117
  1.6048  -2.7193  -2.9559
  3.3120  -1.6990  -3.0438
  1.2616  -1.9640  -3.1117
  0.8080  -3.1674  -2.4496
  2.6159  -2.1681  -3.1448
  2.4556  -2.9239  -2.8845
  2.2401  -2.5822   3.3078
  0.0615  -4.2048   1.6416
  3.0832  -5.1926   1.6298
  1.4215  -5.1954  -1.0899
  4.4419  -4.2175  -1.0900
  3.7127  -3.6763   2.7090
  1.3375  -5.4395   0.8782
  4.6571  -4.3636   0.8696
  3.1736  -5.4514  -0.2705
  0.7375  -3.6740  -2.1419
  2.8248  -4.3668  -2.1424
  1.9420  -3.4768   3.1638
  2.9779  -3.1317   3.1725
  0.7725  -4.3718   2.2511
  0.5708  -4.8988   1.3432
 -0.1634  -4.3868   0.7534
  2.4650  -4.8778   2.2756
  3.4467  -4.5857   2.2403
  2.2537  -5.4380   1.3709
  3.9216  -4.8890   1.3797
  3.2172  -5.4466   0.7528
  1.3099  -5.4532  -0.2256
  0.5901  -4.9206  -0.7904
  2.2440  -5.4554  -0.7892
  1.0402  -4.5980  -1.6822
  2.0565  -4.9081  -1.7069
  3.9546  -4.8983  -0.7724
  3.7906  -4.2806  -1.7484
  2.5339  -3.4861  -2.6279
  0.8866  -3.4548   2.8480
  2.5470  -4.1386   2.8761
  1.4823  -4.9527   2.0397
  4.3246  -4.0058   1.9947
  0.5513  -5.1234   0.3647
  2.1459  -5.6422   0.3491
  0.1154  -4.1866  -1.2079
  4.1509  -4.9785   0.3006
  3.1173  -5.1130  -1.2162
  3.6026  -3.4169  -2.3315
  1.6291  -4.0910  -2.3102
  2.9058   0.9530   3.2465
  2.9058   0.9530   3.2465
  2.1584   1.3153   3.1746
  1.6724   1.4281   3.0384
  2.9058   0.9530   3.2465
  2.9770   0.0834   3.1672
  2.9058   0.9530   3.2465
  3.8776   0.8706   3.0432
  2.1773  -0.5387  -3.2243
  2.1645   2.3391   2.8432
  1.8294   1.4026  -3.3767
  1.8341   0.2166  -3.3801
  3.1884   0.0125  -3.4132
  3.0280  -0.7433  -3.1529
  0.6266   3.4999  -1.4995
  0.9696   3.4738   1.4389
  0.3833   3.2654   1.5075
  0.6266   3.4999  -1.4995
  0.6668   2.7295  -2.4631
  0.7810   2.0540  -2.9049
  1.1235   2.8714   2.1939
  0.7891   2.2695   2.5549
  6.6305   2.0494   1.1670
  3.7761   2.1648   3.0874
  4.1380   3.4226   2.7389
  4.3297   4.0256   2.3305
  3.7761   2.1648   3.0874
  3.0287   2.5271   3.0155
  2.5427   2.6400   2.8793
  2.2015   3.0002   2.6522
  1.8180   3.3229   2.3048
  3.7761   2.1648   3.0874
  3.7761   2.1648   3.0874
  4.7479   2.0824   2.8841
  5.2715   1.9758   2.6376
  5.7947   2.0042   2.2639
  4.7505   4.7554   1.3241
  3.9354   4.9192   1.4266
  4.7505   4.7554   1.3241
  5.5614   4.1845   1.3910
  5.2456   4.8600   0.4994
  5.7783   4.5894  -0.4898
  4.3542   5.1747   0.6747
  3.9941   5.3433   0.2459
  3.6087   5.4137  -0.2059
  3.1694   5.3658  -0.7252
  1.1818   3.8630   1.2680
  1.1818   3.8630   1.2680
  1.2222   4.3018   0.6163
  1.1751   4.4033   0.0810
  1.4049   4.6398  -0.3895
  1.6561   4.7514  -0.9594
  1.1818   3.8630   1.2680
  6.8100   2.7804   0.3632
  6.6305   2.0494   1.1670
  5.4844   4.2303  -2.0259
  4.8343   4.5311  -2.2052
  4.0631   4.7230  -2.2979
  6.2133   3.0902  -2.1441
  6.4124   2.1868  -2.1525
  4.8220   2.9814  -3.3104
  2.8217   4.9748  -1.8027
  2.2581   4.6624  -1.9897
  1.8004   4.1604  -2.2639
  5.4263   0.9961  -2.9590
  4.7547   1.6934  -3.4714
  6.1292   2.8948   1.7492
  5.5387   2.9741   2.2943
  5.1696   3.6329   2.2209
  1.9853   4.9488   0.3760
  2.8606   5.2446   0.4951
  6.2962   3.9728  -0.8203
  6.5717   3.5938  -0.1374
  6.2653   3.8770   0.5927
  3.6181   5.1599  -1.5948
  4.6284   4.9891  -1.5620
  4.1925   5.2869  -0.9836
  4.8499   5.1555  -0.5230
  0.8477   3.5183  -1.6880
  1.3483   4.2326  -1.6184
  0.8416   3.9506  -0.9344
  6.6563   2.7516  -1.5113
  6.8801   2.5573  -0.8272
  4.6350   3.8192  -2.9787
  5.4543   1.8000  -3.1211
  5.9084   2.1394  -2.7628
  1.4691   2.6413  -2.9059
  1.7488   3.2309  -2.9074
  2.7043   1.4284  -3.5392
  4.0586   1.2243  -3.5723
  3.8983   0.4685  -3.3120
  7.6548  -0.8805   1.4954
  4.8003  -0.7651   3.4158
  5.1623   0.4927   3.0673
  4.8003  -0.7651   3.4158
  4.0529  -0.4028   3.3439
  3.5670  -0.2899   3.2077
  3.8030  -1.4883   3.2835
  4.8003  -0.7651   3.4158
  4.8716  -1.6346   3.3365
  5.1344  -2.0588   3.1806
  5.3057  -2.5032   2.9451
  5.3783  -2.9895   2.6009
  4.8003  -0.7651   3.4158
  5.7722  -0.8475   3.2125
  6.2958  -0.9541   2.9661
  6.8189  -0.9257   2.5923
  6.5857   1.2546   1.7195
  5.3859  -3.8566   1.5321
  6.1712  -3.3886   1.7392
  6.6900  -2.9984   1.7000
  7.0984  -2.3050   1.8505
  5.3859  -3.8566   1.5321
  5.3859  -3.8566   1.5321
  6.0088  -3.8905   0.8549
  6.5443  -3.6492   0.5343
  7.0227  -3.2879  -0.0406
  7.8343  -0.1496   0.6917
  7.6548  -0.8805   1.4954
  7.8883  -1.4034   0.6860
  7.8998  -1.6883   0.0041
  7.2375   0.1603  -1.8156
  7.4367  -0.7431  -1.8241
  4.7159  -3.7273  -1.8801
  5.3031  -3.5498  -2.0005
  5.9734  -3.2554  -2.0149
  4.0106  -3.0553  -2.5516
  4.0718  -2.2568  -3.0550
  6.9155  -2.4528  -1.9188
  6.4506  -1.9338  -2.6306
  4.0591   0.6210   3.0126
  4.6264  -3.4217   2.3219
  4.2938  -2.4862   3.0261
  7.0694  -1.6103   2.2447
  6.3206  -2.5461   2.4546
  7.3205   1.0429  -0.4919
  7.5959   0.6639   0.1910
  7.2896   0.9471   0.9211
  7.4757  -2.6581  -0.4071
  7.4901  -2.4899   0.8396
  6.6067  -3.3411  -1.2396
  5.8087  -3.8240  -1.2420
  5.0422  -4.1093  -1.0457
  6.2993  -3.7883  -0.5876
  5.7569  -4.1051  -0.1004
  7.6300  -1.7349  -1.2549
  7.6806  -0.1783  -1.1829
  7.9043  -1.2127  -0.6675
  7.9044  -0.3726  -0.4988
  4.8407   0.2158  -3.1710
  3.7239  -0.3155  -3.2074
  3.7286  -1.5015  -3.2108
  5.0829  -1.7056  -3.2439
  4.9226  -2.4614  -2.9836
  5.5513  -2.8004  -2.6347
 -6.9339  -2.3545   0.7642
 -6.5671  -2.8499  -0.1917
 -3.4779   5.1302  -0.1727
 -3.9412   4.8606  -1.0874
 -2.4659   4.9884  -0.8747
 -2.0849  -4.4087   0.9005
 -3.1785  -4.4676  -0.1535
 -2.0849  -4.4087   0.9005
 -3.1785  -4.4676  -0.1535
 -0.8789  -4.3520  -0.2086
 -0.8789  -4.3520  -0.2086
  6.9340   1.8480   0.3733
  6.9340   1.8480   0.3733
  6.9178   1.4465  -0.9441
  3.0550   4.1621   2.4066
  2.8099   4.7656   1.6498
  3.4008   4.3909  -2.7589
  1.9740   3.9239  -2.6363
  3.6453   3.4776  -3.4315
  2.6323   3.4410  -3.3497
  5.1731  -4.2463   0.7507
  5.1731  -4.2463   0.7507
  6.1074   0.6480   2.7558
  6.7271  -0.1883   2.6431
  6.3072   0.8122  -2.3641
  6.9894  -0.2213  -2.3338
  6.1168  -0.4443  -3.0776
  5.4107   0.2742  -3.0940
