  8.8210  -0.7059   2.6009
  5.9666  -0.5905   4.5213
  5.9666  -0.5905   4.5213
  4.9692  -1.3136   4.3889
  5.9666  -0.5905   4.5213
  6.0378  -1.4600   4.4419
  6.3007  -1.8842   4.2860
  6.4719  -2.3285   4.0505
  6.5446  -2.8149   3.7063
  5.9666  -0.5905   4.5213
  6.9384  -0.6729   4.3179
  7.4620  -0.7795   4.0715
  7.9852  -0.7511   3.6977
  7.7519   1.4292   2.8249
  4.7074  -3.4789   2.8514
  5.3259  -3.6662   2.8080
  3.2584  -2.4486   2.6822
  3.2584  -2.4486   2.6822
  7.3374  -3.2139   2.8446
  7.8562  -2.8238   2.8054
  8.2646  -2.1304   2.9559
  8.8210  -0.7059   2.6009
  9.0546  -1.2288   1.7914
  7.7292   0.2188   3.7282
  7.3601   0.8776   3.6547
  5.7927  -3.2471   3.4274
  8.2357  -1.4357   3.3501
  7.4869  -2.3715   3.5600
  9.0706  -0.1980   0.6066
  9.0588  -1.5877   1.6055
  6.7594  -3.8438   2.6123
  6.7610  -4.6944   1.5746
  6.7610  -4.6944   1.5746
  8.3750  -4.2269  -0.1432
  9.0588  -1.5877   1.6055
  9.2785  -0.7854   0.4894
  9.1198  -0.3106  -0.2365
  9.2497  -2.1068   1.1250
  9.3490  -2.3157   0.6332
  9.3713  -2.4802   0.1010
  9.2703  -2.7045  -0.5090
  8.8053  -0.6952  -1.6633
  7.2799  -4.1931  -1.9931
  8.5726  -3.5655  -1.3537
  8.2991  -3.3538  -1.9563
  7.9620  -3.0437  -2.4693
  7.6279  -2.2710  -2.9390
  8.6224  -2.5106   2.1191
  8.1282  -3.2166   2.2860
  8.9081  -3.5373  -0.4271
  7.9321  -4.3010  -1.2044
  7.1281  -4.7108  -1.2522
  7.6118  -4.7275  -0.4858
  9.0674  -2.5724  -1.3091
  9.1341  -1.7757  -1.4056
  9.1930  -1.0534  -1.0687
  9.3994  -1.8285  -0.5586
  6.3207  -0.7389  -3.2066
  7.1069  -1.6874  -3.2032
  8.3322  -2.2885  -2.4352
  7.8870  -1.4039  -2.8126
  3.7337  -5.3173  -1.8770
  3.3360  -3.3304   2.5229
  5.3625  -3.9476   2.5428
  5.4595  -4.5070   2.1547
  6.1866  -4.9543   1.3161
  5.4611  -5.3576   1.1170
  5.0262  -5.7982  -0.2501
  5.4611  -5.3576   1.1170
  6.1075  -5.4070   0.4439
  6.6688  -5.1918  -0.0203
  3.7337  -5.3173  -1.8770
  4.6193  -5.3744  -2.0965
  5.2482  -5.1714  -2.3556
  5.9800  -4.8563  -2.4508
  3.7337  -5.3173  -1.8770
  4.0998  -4.6941  -2.8660
  6.9992  -4.0170  -2.4139
  6.6621  -3.7069  -2.9270
  6.3280  -2.9342  -3.3966
  4.1622  -5.7620  -0.3641
  4.4700  -5.6833   0.4609
  3.4305  -5.5457  -0.3392
  3.2947  -5.3506   0.4731
  6.6322  -4.9642  -1.6620
  5.8282  -5.3740  -1.7098
  6.3119  -5.3907  -0.9434
  5.4386  -5.6891  -1.0307
  5.5153  -0.8323  -3.3406
  5.8070  -2.3506  -3.6609
  2.1685  -2.3836   2.3416
  5.0326  -0.3156  -3.4630
  2.5212  -3.2758   2.0650
  4.3478   0.1145  -3.5219
  2.0536  -1.4305   2.6936
  2.7480  -2.0099   2.6721
  3.7363   1.6958  -3.2650
  2.7307   1.8601  -3.4541
  3.5493   2.5336  -2.9333
 -0.6245  -1.9836  -2.8563
  1.3325  -4.9812  -2.7505
  0.9357  -3.2854   1.3397
  1.4165  -4.7954   0.2829
  2.0350  -4.9827   0.2395
 -0.3592  -3.7246  -0.5407
 -0.5958  -3.4840  -1.0413
 -0.7408  -3.0901  -1.9044
  0.5917  -4.8778  -1.7416
  2.6708  -5.4498  -1.3952
  3.7217  -1.0903  -4.4451
  1.8623   0.1764  -3.9298
 -0.6245  -1.9836  -2.8563
  0.3363  -3.9487  -3.2949
 -0.6245  -1.9836  -2.8563
 -0.1848  -2.0222  -3.5683
  0.1898  -2.3069  -3.9520
  0.7330  -2.3988  -4.3434
  1.3325  -4.9812  -2.7505
  2.1158  -5.0730  -2.9666
  2.5912  -4.8692  -3.3432
  1.5108  -4.5679  -3.5213
  1.8860  -4.1972  -4.0147
  1.9472  -3.3987  -4.5181
  3.6543  -2.3784  -4.6061
  0.5383  -2.6876   1.2923
  1.6301  -3.8649   1.3182
 -0.8822  -2.6548  -1.3902
 -0.7872  -2.5399  -0.5697
  2.2859  -5.3790  -0.7387
  1.2734  -5.2409  -1.4419
  1.5864  -5.2433  -0.6420
  0.8227  -4.9417  -0.7030
  0.1120  -4.1979  -2.6375
 -0.3580  -3.3330  -2.8388
 -0.3782  -3.7852  -2.1378
 -0.1003  -4.2815  -1.6130
  3.6841  -4.9659  -2.7052
  2.9176  -5.2512  -2.5088
  2.7161  -0.9261  -4.6342
  3.5347  -0.2526  -4.1134
  4.3539  -2.2718  -4.2558
  4.8080  -1.9324  -3.8975
  1.5993  -1.4574  -4.6705
  0.3687  -1.4305  -4.0406
  0.6484  -0.8408  -4.0421
  1.2246  -0.4299  -4.1536
  1.6040  -2.6434  -4.6739
  1.1504  -3.8468  -4.0119
  0.6755  -3.3097  -4.0430
  2.9583  -2.8475  -4.7070
  2.7979  -3.6033  -4.4467
  4.0767   1.1280   5.3378
  5.5023   3.9811   3.4018
  1.9233   2.8764   3.5967
  4.0767   1.1280   5.3378
  4.5597   2.1350   5.1905
  4.8145   2.6584   4.9508
  5.1265   3.1625   4.5621
  4.0767   1.1280   5.3378
  2.6757   2.1063   4.7527
  4.0767   1.1280   5.3378
  2.9200   0.2215   4.9002
  4.0767   1.1280   5.3378
  4.6223   0.1247   5.1805
  4.9465  -0.3957   4.9200
  5.0435  -0.9551   4.5319
  4.0767   1.1280   5.3378
  5.1254   1.1240   5.2546
  5.6126   1.0757   5.0981
  6.0803   1.1525   4.8657
  6.5841   1.2109   4.4968
  4.7138   4.0481   3.6645
  4.1680   4.1116   3.5874
  3.6291   3.9962   3.6481
  3.0525   3.7552   3.6981
  5.5023   3.9811   3.4018
  6.1823   3.4311   3.6477
  6.3490   3.8685   2.1694
  5.5023   3.9811   3.4018
  4.9961   4.3901   2.6872
  4.5069   4.5244   2.1966
  4.1396   4.5089   1.5503
  1.9233   2.8764   3.5967
  1.4886   1.9210   3.6338
  1.4314   0.8432   3.6913
  1.9233   2.8764   3.5967
  2.0119   3.4323   2.8950
  1.9136   3.4908   2.3467
  1.9233   2.8764   3.5967
  1.3181   2.4933   2.7343
  2.7625   3.0583   4.2711
  3.5047   3.3394   4.4020
  4.2483   3.4136   4.4723
  3.3106   2.6547   4.8128
  5.7376   2.3918   4.7799
  1.8506   1.4932   4.2411
  2.3172   1.0853   4.6835
  3.8122  -1.2767   4.2835
  3.9579  -0.4879   4.9098
  6.2507   0.3081   4.6315
  2.7526   4.0585   2.6724
  3.4473   4.4121   2.1732
  5.5213   4.3166   1.7253
  2.8787  -1.7987   2.8503
  8.6235   1.4177   1.2306
  6.7435   4.1237   1.3876
  5.9284   4.2875   1.4902
  6.7435   4.1237   1.3876
  7.2386   4.2283   0.5630
  7.7713   3.9577  -0.4263
  6.3472   4.5431   0.7382
  5.9871   4.7116   0.3095
  5.6017   4.7821  -0.1424
  5.1623   4.7341  -0.6616
  8.8030   2.1487   0.4268
  8.6235   1.4177   1.2306
  8.8570   0.8948   0.4211
  8.8685   0.6099  -0.2608
  7.4774   3.5986  -1.9624
  6.8273   3.8994  -2.1417
  6.0560   4.0913  -2.2343
  8.2062   2.4585  -2.0805
  8.4054   1.5551  -2.0890
  6.8150   2.3498  -3.2469
  4.8146   4.3431  -1.7391
  4.9557   3.6165  -2.7316
  5.0405   0.0414  -3.3199
  6.7477   1.0617  -3.4078
  7.1626   3.0012   2.2844
  3.9783   4.3171   0.4396
  4.8535   4.6129   0.5586
  8.2892   3.3411  -0.7568
  8.5647   2.9621  -0.0739
  5.6111   4.5282  -1.5312
  6.6214   4.3574  -1.4985
  6.1855   4.6552  -0.9201
  6.8429   4.5238  -0.4594
  8.5987   0.5633  -1.5198
  8.6493   2.1199  -1.4478
  8.8730   1.0855  -0.9324
  8.8731   1.9256  -0.7637
  5.8095   2.5140  -3.4359
  6.6280   3.1875  -2.9152
  7.4473   1.1683  -3.0576
  7.9014   1.5077  -2.6993
  4.6926   1.9827  -3.4722
  3.7417   2.5993  -2.8439
  4.3179   3.0102  -2.9553
  4.6973   0.7967  -3.4757
  0.5970   0.9769   3.0651
  0.3471  -0.1086   3.0046
 -0.3956  -0.7638   2.5240
  1.4157  -0.2549   3.0577
 -0.4557  -2.0458   1.3993
  0.0852  -2.2739   1.4672
  1.1705  -2.0420   2.0431
 -0.1275  -1.6334   2.1063
  0.2989  -1.3433   2.5025
  0.8379  -1.1065   2.7473
  0.2727  -0.1218  -3.4896
 -0.1826   1.4092   2.9655
  0.0404   1.3937  -3.8243
 -0.1826   1.4092   2.9655
  0.3005   2.4162   2.8182
 -0.1826   1.4092   2.9655
 -0.1826   1.4092   2.9655
 -0.1826   1.4092   2.9655
 -0.1826   1.4092   2.9655
 -0.3798   0.0272  -3.4930
  0.5888   0.5209  -3.6635
 -1.0234   1.1015   3.1009
 -1.0234   1.1015   3.1009
 -1.7708   1.4638   3.0290
 -1.0234   1.1015   3.1009
 -0.9521   0.2320   3.0215
 -0.6893  -0.1922   2.8656
 -0.5180  -0.6366   2.6301
 -1.0234   1.1015   3.1009
 -1.1079  -1.8607  -2.1951
 -1.8131  -1.1887  -2.8666
 -1.7519  -0.3902  -3.3700
 -2.0951   0.3651  -3.5258
 -0.7408   0.1610  -3.5589
 -0.9012  -0.5948  -3.2986
  0.5718   3.0186   2.6505
  0.9338   4.2764   2.3019
  1.1254   4.8794   1.8936
  0.5718   3.0186   2.6505
 -0.1756   3.3809   2.5786
 -0.6615   3.4937   2.4423
  0.5718   3.0186   2.6505
  0.5718   3.0186   2.6505
  1.5463   5.6092   0.8871
  0.7312   5.7730   0.9897
  0.0724   5.7974   0.9640
  1.5463   5.6092   0.8871
  2.3572   5.0382   0.9541
  2.0413   5.7137   0.0625
  2.5741   5.4431  -0.9268
  1.1500   6.0285   0.2377
  0.7899   6.1970  -0.1910
  0.4045   6.2675  -0.6429
 -0.0349   6.2196  -1.1621
 -1.9821   5.1555   0.1794
 -2.0291   5.2571  -0.3559
 -1.7993   5.4935  -0.8264
 -1.5481   5.6052  -1.3963
  2.2802   5.0841  -2.4628
  1.6301   5.3849  -2.6422
  0.8588   5.5768  -2.7348
  3.0090   3.9440  -2.5810
  1.6178   3.8352  -3.7474
 -0.3826   5.8285  -2.2396
 -0.9461   5.5162  -2.4266
 -1.4038   5.0141  -2.7009
 -0.2415   5.1020  -3.2321
 -1.3708   2.5267  -3.6457
 -0.1567   1.5269  -3.8204
  1.5505   2.5472  -3.9083
  1.9654   4.4866   1.7839
 -1.2189   5.8025  -0.0609
 -0.3437   6.0984   0.0581
  3.0920   4.8266  -1.2573
  3.0611   4.7308   0.1558
  0.4139   6.0137  -2.0317
  1.4242   5.8429  -1.9990
  0.9882   6.1406  -1.4206
  1.6457   6.0092  -0.9599
 -1.8559   5.0864  -2.0554
  0.6122   3.9995  -3.9364
  1.4308   4.6730  -3.4156
  2.2501   2.6538  -3.5581
  2.7042   2.9931  -3.1998
 -0.4999   2.2822  -3.9762
  0.8544   2.0781  -4.0093
 -2.1681   1.9094   2.9538
 -1.8061   3.1671   2.6053
 -1.6145   3.7702   2.1970
 -2.1681   1.9094   2.9538
 -2.9155   2.2717   2.8819
 -2.1681   1.9094   2.9538
 -2.1681   1.9094   2.9538
 -2.0087   4.6637   1.2931
 -2.6675   4.6882   1.2674
 -3.4950   4.4729   1.2828
 -3.1225   4.7193  -1.9362
 -3.6860   4.4070  -2.1232
 -2.9814   3.9928  -2.9287
 -2.8966   0.4177  -3.5170
 -3.2087   4.0120   1.9722
 -2.4554   4.0970   2.0320
 -2.9094   3.2955   2.5506
 -3.0836   4.9891   0.3615
 -2.1277   2.8902  -3.6330
 -3.2445   2.3590  -3.6694
 -3.6192   3.3864  -3.1524
 -1.8855   0.9689  -3.7059
 -3.5324   1.6279   3.0607
 -3.1704   2.8857   2.7121
 -3.5324   1.6279   3.0607
 -4.2798   1.9902   2.9888
 -4.7657   2.1031   2.8525
 -5.1070   2.4633   2.6254
 -3.5324   1.6279   3.0607
 -3.5324   1.6279   3.0607
 -4.0318   4.4067   1.3742
 -4.8593   4.1915   1.3896
 -4.1391   4.8289  -0.7519
 -6.0863   3.7649   0.5896
 -4.4868   4.4379  -1.8294
 -5.0503   4.1256  -2.0164
 -5.5080   3.6235  -2.2907
 -4.3458   3.7113  -2.8219
 -4.2609   0.1362  -3.4102
 -5.2738   3.5066   1.9301
 -4.5730   3.7305   2.0790
 -3.8197   3.8155   2.1388
 -4.2737   3.0140   2.6574
 -5.3231   4.4119   0.3493
 -4.4479   4.7077   0.4683
 -4.6088   2.0775  -3.5625
 -5.8393   2.1044  -2.9326
 -5.5597   2.6941  -2.9342
 -4.9835   3.1050  -3.0456
 -4.6041   0.8915  -3.5660
 -3.2498   0.6874  -3.5991
 -3.4102  -0.0684  -3.3388
 -4.2242   0.4357   3.3825
 -4.2242   0.4357   3.3825
 -4.9716   0.7980   3.3106
 -4.2242   0.4357   3.3825
 -4.2242   0.4357   3.3825
 -4.9527  -1.0560  -3.0883
 -4.9655   1.8218   2.9792
 -3.9416  -0.5048  -3.2772
 -5.6324   0.4999   3.3864
 -5.2704   1.7577   3.0378
 -5.6324   0.4999   3.3864
 -6.3798   0.8622   3.3145
 -7.5905   1.6581   2.6037
 -5.6324   0.4999   3.3864
 -5.6324   0.4999   3.3864
 -6.1318   3.2787   1.6999
 -6.9593   3.0635   1.7153
 -8.1863   2.6369   0.9153
 -8.2333   2.7385   0.3800
 -7.6080   2.4955  -1.9649
 -6.4457   2.5833  -2.4962
 -7.3738   2.3786   2.2558
 -6.6730   2.6025   2.4047
 -5.9197   2.6876   2.4646
 -6.3737   1.8861   2.9831
 -7.4231   3.2839   0.6750
 -6.5479   3.5797   0.7940
 -8.0601   2.5678  -1.3195
 -5.5920   1.4808  -3.2005
 -6.7088   0.9495  -3.2368
 -7.9393   0.9764  -2.6069
 -7.6597   1.5661  -2.6084
 -7.0835   1.9770  -2.7199
 -6.7041  -0.2365  -3.2403
 -5.3498  -0.4406  -3.2734
 -5.5102  -1.1963  -3.0131
 -6.5010  -0.5475   3.6700
 -6.5010  -0.5475   3.6700
 -7.2484  -0.1852   3.5981
 -7.7343  -0.0724   3.4618
 -6.5010  -0.5475   3.6700
 -6.4297  -1.4171   3.5906
 -6.1669  -1.8412   3.4347
 -5.9956  -2.2856   3.1992
 -5.9230  -2.7719   2.8550
 -6.5010  -0.5475   3.6700
 -5.5292  -0.6299   3.4666
 -6.5059  -4.0904   0.3220
 -6.5855  -3.5097  -1.6260
 -5.9983  -3.3322  -1.7464
 -7.2907  -2.8377  -2.2975
 -7.2295  -2.0392  -2.8009
 -7.5416   1.5551   2.6883
 -7.2423   0.8386   3.2667
 -6.6749  -3.2041   2.5760
 -7.0075  -2.2686   3.2802
 -5.4926  -3.6064  -0.9879
 -6.2591  -3.8917  -0.7916
 -7.5774  -0.0979  -2.9533
 -7.5727  -1.2839  -2.9567
 -6.2184  -1.4880  -2.9898
 -6.3788  -2.2438  -2.7295
 -5.7500  -2.5828  -2.3806
 -4.8328  -3.9140  -0.9958
 -3.4896  -0.8397   3.7074
 -3.1277   0.4180   3.3589
 -3.4896  -0.8397   3.7074
 -4.2371  -0.4774   3.6355
 -4.7230  -0.3646   3.4993
 -4.4870  -1.5629   3.5750
 -5.2296  -2.2181   3.0944
 -3.4896  -0.8397   3.7074
 -3.4184  -1.7093   3.6281
 -3.1555  -2.1334   3.4721
 -2.9843  -2.5778   3.2366
 -2.9117  -3.0641   2.8925
 -3.4896  -0.8397   3.7074
 -2.5178  -0.9222   3.5041
 -4.7488  -3.7282   2.0376
 -4.1304  -3.9155   1.9942
 -2.9041  -3.9312   1.8236
 -2.1188  -3.4632   2.0307
 -1.6000  -3.0731   1.9916
 -1.1916  -2.3797   2.1420
 -2.9041  -3.9312   1.8236
 -3.4945  -4.3826   0.3595
 -2.9041  -3.9312   1.8236
 -2.2811  -3.9652   1.1464
 -1.7457  -3.7238   0.8259
 -1.2673  -3.3625   0.2509
 -4.8328  -3.9140  -0.9958
 -4.0495  -4.0058  -1.2119
 -3.5741  -3.8019  -1.5885
 -2.9869  -3.6244  -1.7089
 -2.3166  -3.3300  -1.7233
 -4.6546  -3.5007  -1.7666
 -4.2794  -3.1299  -2.2600
 -4.2182  -2.3314  -2.7634
 -3.6635  -3.4963   2.6135
 -4.9615  -3.0877   2.6767
 -4.5352  -2.7976   3.0729
 -3.9962  -2.5608   3.3177
 -1.2206  -1.6849   2.5362
 -1.9694  -2.6207   2.7462
 -3.8795  -4.3118   1.0160
 -4.8919  -4.1737   0.3128
 -4.5789  -4.1761   1.1127
 -0.8143  -2.7327  -0.1156
 -0.7999  -2.5645   1.1312
 -1.6832  -3.4157  -0.9480
 -2.4812  -3.8987  -0.9505
 -3.2478  -4.1839  -0.7541
 -1.9906  -3.8630  -0.2961
 -2.5330  -4.1798   0.1912
 -4.5614  -1.5761  -2.9192
 -5.0149  -2.7796  -2.2572
 -3.2071  -1.7803  -2.9523
 -3.3674  -2.5360  -2.6920
 -2.7387  -2.8750  -2.3431
 -8.4655   2.0461   1.8282
 -9.0519   1.8376   1.8968
 -8.6541   0.6262  -2.5156
 -9.2532   1.2204   2.4655
 -8.3116   1.4437   2.5833
 -8.6461   0.8418   2.9443
 -9.7073   0.1288  -2.2459
 -9.2344  -1.6920   3.9491
-11.3878   0.0564   2.2080
 -9.9934  -4.5854  -0.8885
 -9.0114  -1.7075  -2.8408
 -9.2344  -1.6920   3.9491
 -8.7514  -0.6850   3.8017
 -8.4965  -0.1617   3.5621
 -9.2344  -1.6920   3.9491
 -9.2344  -1.6920   3.9491
-10.3911  -2.5985   3.5114
 -9.2344  -1.6920   3.9491
 -8.6887  -2.6954   3.7918
 -8.3645  -3.2157   3.5313
 -8.2676  -3.7752   3.1431
 -9.2344  -1.6920   3.9491
 -8.1857  -1.6960   3.8659
 -7.6985  -1.7443   3.7093
 -9.6820   1.1761   2.2594
-10.2585   0.9351   2.3094
-11.3878   0.0564   2.2080
-11.8224  -0.8991   2.2450
-11.8797  -1.9768   2.3026
-11.3878   0.0564   2.2080
-11.2992   0.6122   1.5062
-11.3974   0.6707   0.9579
-11.1505   0.9309   0.5082
-10.9197   1.0369  -0.0639
-11.3878   0.0564   2.2080
-11.9930  -0.3267   1.3456
-12.2514  -0.8662   0.9639
-12.3651  -1.4163   0.5186
-11.4381  -3.3309   2.2259
-10.8791  -3.9394   2.2448
-10.3557  -4.2330   2.3334
 -9.5659  -4.5815   2.2340
-11.4381  -3.3309   2.2259
-11.8432  -3.2508   1.4954
-12.0472  -3.0998   0.8998
-11.4381  -3.3309   2.2259
-11.0674  -4.3507   0.8111
 -7.0281  -3.8003   2.3701
 -8.2660  -4.6257   2.1055
 -8.7009  -5.0663   0.7383
 -8.2660  -4.6257   2.1055
-10.9469   0.2190  -1.4560
-11.4280  -0.5315  -1.4959
 -9.5241  -0.4537  -2.5636
-11.8888  -2.0872  -1.1468
-11.2469  -3.5046  -1.1962
 -9.9934  -4.5854  -0.8885
 -9.1077  -4.6425  -1.1080
 -8.4789  -4.4395  -1.3672
 -7.7471  -4.1244  -1.4623
 -9.9934  -4.5854  -0.8885
 -9.6273  -3.9622  -1.8776
 -9.4316  -3.0740  -2.5094
-10.5485   0.2382   2.8824
 -9.8063   0.5194   3.0132
 -9.0627   0.5935   3.0836
-10.0005  -0.1653   3.4241
 -9.4988  -4.0968   2.8948
-10.0384  -3.4907   3.2347
 -9.3532  -3.3079   3.5211
 -6.8988  -3.1480   2.8168
 -7.0604  -2.5120   3.2428
-10.5584   1.2384   1.2837
-12.3376  -2.1880   0.5175
-12.2140  -2.3851   1.3200
-12.0317  -0.9574  -0.7433
-11.6873  -0.1357  -0.7886
-11.1483   0.5862  -0.7427
-12.1002  -0.4695  -0.0131
-11.6740   0.2990  -0.0361
 -9.5649  -5.0301   0.6244
 -9.2571  -4.9514   1.4494
-10.2966  -4.8138   0.6493
-10.4324  -4.6187   1.4616
-10.9312  -4.1797  -0.6650
-11.8423  -2.9044  -0.8006
-11.3060  -4.0668  -0.1068
-11.9020  -3.2553  -0.1634
-11.6829  -3.7357   0.4408
 -7.0948  -4.2323  -0.6735
 -7.8989  -4.6421  -0.7213
 -7.4152  -4.6588   0.0450
 -8.2884  -4.9572  -0.0422
-10.0139  -1.3448  -2.6610
-10.3242  -0.6438  -2.3844
-10.9662  -0.7726  -2.0430
-10.3509  -3.5691  -1.9125
 -8.4630  -2.5803  -2.6800
 -8.6743  -3.3046  -2.4137
 -8.0827  -3.6482  -2.0673
 -9.0165   2.3342   1.1768
 -8.8087   2.6736   0.1297
 -9.8880   2.1529   0.5482
 -8.3941   2.1671  -1.4786
 -9.8209   1.7001  -1.3560
 -9.2719   2.4041  -0.7851
-10.3872   1.7096  -0.1263
 -9.1626   1.2172  -2.0694
  8.7078   0.9550   1.1574
  8.9869  -0.1988   2.1678
  8.9869  -0.1988   2.1678
  8.7078   0.9550   1.1574
  3.7286  -2.1817   3.5475
  4.8335  -3.0335   3.5386
  8.5374  -3.8142   1.3252
  7.9196  -4.5627   0.8338
  8.5295  -4.0981   0.0716
  8.4123  -0.8014  -2.2474
  7.5398  -1.0245  -2.9912
  2.8686  -4.0916   1.8707
  3.3082  -5.1540   1.0560
  3.9735  -4.9435   1.8618
  4.6092  -4.6927  -3.0055
  4.8617  -3.3920  -3.7250
  5.5887  -4.1816  -3.3200
  3.6205  -4.7278  -3.2661
  4.4319  -3.3565  -3.9302
  3.5556  -3.9101  -4.1813
  0.2452  -3.6181   0.7403
  0.6848  -4.6804  -0.0745
 -0.1778  -3.9185  -0.2823
  1.3501  -4.4699   0.7314
  2.1556  -0.4264   4.1550
  2.5952  -1.4888   3.3402
  1.7326  -0.7269   3.1324
  3.2606  -1.2782   4.1461
  3.3860   4.4042   1.8183
  2.3066   3.8835   2.2368
  6.1725   2.5793   4.4197
  6.7922   1.7431   4.3070
  7.5124   1.5511   3.1910
  7.5124   1.5511   3.1910
  5.9027   0.4719  -3.4979
  7.5060   0.2358  -2.8418
  6.6297  -0.3178  -3.0929
  7.3642   2.9436   2.1987
  7.9840   2.1073   2.0861
  8.7042   1.9153   0.9700
  8.7042   1.9153   0.9700
  3.5443   3.6062  -1.9582
  4.0932   4.3102  -1.3873
 -0.3241  -2.5312   0.6939
  3.4548   4.2538  -0.3763
  3.4805   3.4948  -2.0273
  3.4006   4.3362  -1.3683
 -1.6045   4.6745   1.4345
 -0.3331   4.9525   1.9588
 -0.5781   5.5560   1.2020
 -1.5054   4.5679  -3.0580
 -1.3308   3.1626  -3.7504
 -0.8471   4.0850  -3.7714
 -2.5415   5.1714  -0.5883
 -5.8266   4.1831  -0.0115
 -5.7595   3.7303  -1.9157
 -5.2105   4.4343  -1.3447
 -6.3258   3.7398  -0.6859
 -6.6533   3.6824  -0.1520
 -7.1166   3.4129  -1.0668
 -5.7395  -3.9305   1.1314
 -5.7395  -3.9305   1.1314
 -1.5513  -1.9773  -2.2482
 -2.4275  -2.5309  -2.4994
 -5.1794  -3.9066   1.4302
 -5.4026  -3.9446   0.2270
 -2.0485   0.2833   3.0492
 -1.4287  -0.5529   2.9365
 -1.4095  -1.6295   2.7530
 -8.2641  -4.8031   1.7053
 -6.6288  -3.8875   1.7375
 -7.2466  -4.6360   1.2462
 -6.6368  -4.1714   0.4839
-11.4571  -2.9280  -1.4326
-10.8120  -1.8863  -2.3881
-10.6641  -2.9380  -2.1885
-11.1979  -0.2712   2.7941
-11.5660  -1.2048   2.7822
