 -5.0521   0.4016   2.5441
 -5.3933   0.7618   2.3170
 -4.8160  -0.7967   2.6199
 -5.5587  -1.4520   2.1393
 -3.7474  -0.9431   2.6730
 -4.6321   2.0098  -3.1303
 -3.7783   0.9073  -3.8346
 -4.8951   0.3760  -3.8709
 -4.8904  -0.8100  -3.8744
 -5.5252   2.7435   1.2473
 -4.0228   3.8732  -1.6101
 -3.1901   0.9246   3.1145
 -2.9706   1.7156   3.0044
 -2.8575   2.1670   2.8459
 -2.7679   2.6118   2.6120
 -2.5887   3.0457   2.2702
 -3.1901   0.9246   3.1145
 -4.1041   1.6039   2.8912
 -3.1901   0.9246   3.1145
 -3.8952   0.4739   3.0059
 -4.2203   0.1101   2.8472
 -3.1901   0.9246   3.1145
 -3.4256   3.7699   1.4671
 -4.3308   3.5079   1.4979
 -2.5793   4.0908   0.6517
 -2.7887   4.2187   0.1916
 -3.1678   4.2688  -0.1925
 -3.5162   4.2229  -0.7035
 -5.5252   2.7435   1.2473
 -5.1360   3.5705  -0.8064
 -5.5252   2.7435   1.2473
 -4.0228   3.8732  -1.6101
 -4.7991   3.2853  -2.0064
 -5.2556   2.7456  -2.1698
 -3.9014   3.4476  -2.3661
 -3.8575   2.8129  -2.9803
 -3.7382   2.0987  -3.3974
 -4.0137   3.1132   2.1154
 -4.4085   2.4890   2.4214
 -5.3338   1.2888   2.2763
 -4.8904   0.7674   2.6265
 -2.3660   3.8827  -1.6596
 -2.5014   4.1459  -0.9374
 -5.4862   3.0686  -1.3838
 -2.9330   2.3894  -3.3195
 -3.1529   3.2484  -2.7145
 -2.4781   3.0969  -2.7681
 -1.9897   2.6576  -2.9397
 -4.5686   2.4851  -2.9119
 -0.8154   3.5135   1.4739
  0.7202   2.5244  -1.5389
 -1.6854   0.7155  -3.5496
 -1.8350   0.7420   3.2481
 -1.6155   1.5330   3.1380
 -1.5024   1.9844   2.9795
 -1.4127   2.4292   2.7456
 -1.2335   2.8630   2.4038
 -1.8350   0.7420   3.2481
 -1.8350   0.7420   3.2481
 -2.5401   0.2913   3.1395
 -2.8652  -0.0725   2.9808
 -1.8350   0.7420   3.2481
 -1.4937  -0.1259   3.1376
 -0.8601   0.6731   3.1216
 -0.3064   0.5969   2.9108
 -0.8154   3.5135   1.4739
 -2.0705   3.5873   1.6007
 -0.8154   3.5135   1.4739
 -0.8154   3.5135   1.4739
 -1.2242   3.9082   0.7853
 -1.4336   4.0360   0.3252
 -1.8127   4.0862  -0.0589
  0.7202   2.5244  -1.5389
  0.7202   2.5244  -1.5389
  0.7202   2.5244  -1.5389
  0.2536   2.2232  -2.4003
 -0.2524   1.8458  -2.9581
  0.3608   2.1418   2.0523
  0.2056   1.4494   2.5004
 -0.3127   2.4410   2.3645
 -0.4504   1.7522   2.7908
 -1.0109   3.7001  -1.5260
 -0.2560   3.4623  -1.3893
 -1.1463   3.9633  -0.8038
 -1.5779   2.2068  -3.1859
 -1.7977   3.0658  -2.5809
 -1.1230   2.9143  -2.6345
 -0.6346   2.4750  -2.8061
 -1.2030  -0.5259   3.0519
 -1.2030  -0.5259   3.0519
 -1.2030  -0.5259   3.0519
 -1.9082  -0.9765   2.9434
 -2.2333  -1.3404   2.7846
 -1.2030  -0.5259   3.0519
 -0.0026   1.2071  -3.0023
 -2.7984  -2.2416   2.5620
 -1.7298  -2.3880   2.6151
 -1.4669  -2.8121   2.4591
 -1.2957  -3.2565   2.2236
 -1.2231  -3.7428   1.8795
 -3.0602  -4.4069   1.0246
 -2.4418  -4.5942   0.9812
 -1.2155  -4.6099   0.8106
 -1.2155  -4.6099   0.8106
 -1.8059  -5.0613  -0.6535
 -1.2155  -4.6099   0.8106
 -2.3609  -4.6845  -2.2249
 -1.8855  -4.4806  -2.6015
 -1.2983  -4.3031  -2.7219
 -0.6280  -4.0087  -2.7363
 -2.5907  -3.8086  -3.2730
 -2.5296  -3.0101  -3.7764
 -0.8224  -1.9898  -3.8644
 -1.9749  -4.1750   1.6005
 -2.8466  -3.4763   2.0599
 -2.3075  -3.2395   2.3047
 -2.1909  -4.9905   0.0029
 -2.8903  -4.8547   0.0997
 -1.7606  -0.5376  -3.8925
 -1.5185  -2.4589  -3.9653
 -1.6788  -3.2147  -3.7050
 -1.0501  -3.5537  -3.3561
 -3.1568  -1.3595   2.5558
 -3.1568  -1.3595   2.5558
 -4.1541  -2.0827   2.4234
 -4.8968  -2.7379   1.9428
 -3.1568  -1.3595   2.5558
 -3.1568  -1.3595   2.5558
 -5.4124  -3.7408   0.7147
 -4.9569  -4.0199   0.8181
 -4.4160  -4.2480   0.8860
 -3.7975  -4.4353   0.8426
 -5.8650  -3.2177   0.7167
 -6.1917  -3.1771   0.0624
 -6.4283  -2.9366  -0.4382
 -5.8650  -3.2177   0.7167
 -3.1617  -4.9024  -0.7921
 -5.4962  -3.4013  -2.6918
 -5.6427  -1.7595  -3.3489
 -5.0995  -1.8514  -3.7404
 -3.7167  -4.5255  -2.3636
 -3.2413  -4.3217  -2.7402
 -4.3217  -4.0205  -2.9182
 -3.9465  -3.6497  -3.4116
 -3.8853  -2.8512  -3.9150
 -5.7877  -2.5177   1.3308
 -5.2942  -2.1402   1.8954
 -3.3307  -4.0161   1.4619
 -4.6287  -3.6075   1.5250
 -4.2024  -3.3174   1.9213
 -3.6633  -3.0806   2.1661
 -3.5466  -4.8316  -0.1357
 -4.5591  -4.6935  -0.8388
 -4.2461  -4.6958  -0.0389
 -5.0098  -4.3943  -0.0999
 -6.1905  -2.7855  -2.2357
 -6.2107  -3.2377  -1.5347
 -3.1164  -0.3787  -4.0311
 -4.2332  -0.9099  -4.0674
 -4.2285  -2.0959  -4.0709
 -4.6821  -3.2993  -3.4088
 -5.1570  -2.7623  -3.4399
 -2.8742  -2.3000  -4.1039
 -3.0346  -3.0558  -3.8437
 -7.4426   1.5496   0.6115
 -7.4740  -1.6747   0.5955
 -6.1152   2.5155  -2.1121
 -7.9914  -0.0637  -2.1291
 -5.2683  -0.0930  -3.8052
 -5.8457   1.6840   1.6461
 -7.0832  -0.0038   1.6772
 -6.1921   2.7494  -0.1238
 -8.2541  -0.0614  -0.1623
 -7.6839   1.6984  -1.2987
 -7.6932  -1.8370  -1.3077
 -6.7646   1.0388  -3.1686
 -6.7825  -1.1483  -3.1777
 -6.1840  -0.0125   2.1349
 -6.7770   1.5966   1.2801
 -7.4261   0.8161   1.1880
 -6.9304   2.2197   0.3414
 -7.9618   0.7983   0.3548
 -7.7580   1.6054  -0.2716
 -7.4096  -0.9900   1.1968
 -6.7908  -1.8440   1.1894
 -7.9790  -0.9797   0.2895
 -6.9613  -2.3740   0.2932
 -7.6911  -1.8588  -0.2886
 -6.2433   2.7637  -1.2488
 -6.9513   2.2139  -1.8524
 -5.5089   2.2220  -2.7403
 -6.4951   1.9057  -2.7199
 -8.2721  -0.1787  -1.2610
 -8.0162   0.7685  -1.7703
 -7.9853  -0.9516  -1.8277
 -7.5241   0.3929  -2.7553
 -7.5495  -0.6798  -2.6895
 -6.9308  -2.3933  -1.8297
 -6.4774  -2.0709  -2.7194
 -6.0039   0.4582  -3.6675
 -6.0060  -0.6113  -3.6671
 -6.6594  -0.8999   1.8129
 -7.7760  -0.1331   0.9614
 -6.9876   2.4309  -0.6341
 -8.2059   0.7279  -0.7339
 -8.1874  -0.9383  -0.6417
 -7.4953   1.3825  -2.2417
 -6.9728  -2.5969  -0.6785
 -7.4068  -1.6595  -2.2454
 -5.6332   1.4547  -3.3665
 -6.8659   0.0570  -3.3520
 -5.8844  -1.5660  -3.3445
  0.4674  -0.5485   3.1975
  0.8294   0.7093   2.8489
  1.0210   1.3123   2.4406
  0.4674  -0.5485   3.1975
 -0.2800  -0.1862   3.1256
 -0.5299  -1.2716   3.0651
  0.4674  -0.5485   3.1975
  0.5387  -1.4180   3.1182
  0.4674  -0.5485   3.1975
  1.4392  -0.6309   2.9942
  2.1758   1.5171  -1.9158
  1.5257   1.8179  -2.0952
  0.7544   2.0097  -2.1878
  1.5134   0.2682  -3.2003
 -0.5782  -2.5063   2.5630
  1.3198   2.2758  -1.4519
  0.5078   0.4324  -3.3894
  1.3264   1.1060  -2.8686
  1.2757  -1.6617   3.0581
  1.2757  -1.6617   3.0581
  0.2784  -2.3848   2.9258
 -0.4643  -3.0401   2.4451
  1.2757  -1.6617   3.0581
  1.3470  -2.5312   2.9788
  1.2757  -1.6617   3.0581
 -0.5244  -4.3220   1.3205
  0.0165  -4.5501   1.3883
  0.1108  -4.3227  -2.4159
  0.4860  -3.9519  -2.9093
  0.5472  -3.1534  -3.4127
 -0.1961  -3.9097   2.0274
  0.2302  -3.6196   2.4236
  0.7692  -3.3828   2.6684
  0.1865  -4.9980   0.4634
 -0.5772  -4.6965   0.4024
  1.3162  -0.6808  -3.5287
  0.1993  -1.2121  -3.5651
  0.2040  -2.3981  -3.5685
 -0.2495  -3.6015  -2.9064
  1.5583  -2.6022  -3.6016
  2.6933  -1.5846   3.2557
  2.6933  -1.5846   3.2557
  1.9458  -1.2223   3.1838
  1.4599  -1.1094   3.0476
  1.6959  -2.3077   3.1233
  2.6933  -1.5846   3.2557
  2.7645  -2.4541   3.1764
  2.6933  -1.5846   3.2557
  3.6651  -1.6670   3.0524
  3.7392  -0.7679  -3.1421
  2.7337  -0.6037  -3.3312
  3.5522   0.0698  -2.8104
  3.1627  -0.7243   3.2090
  3.9791   1.8275   1.5473
  5.3685   0.8349  -1.1941
  2.3263   1.8349  -1.1777
  2.5958   1.0034   2.5805
  4.6001   0.3545   2.6086
  2.2494   2.0688   0.8106
  5.5772   0.9933   0.7746
  4.0827   2.0921  -0.3619
  3.7468   1.0236  -2.2251
  2.8729   0.1582   3.0530
  3.8714  -0.1719   3.0678
  3.9105  -1.2771   3.0707
  3.3393   1.5230   2.1718
  4.3191   1.2277   2.1623
  3.1443   2.0703   1.2845
  4.8181   1.5476   1.2651
  4.0986   2.0936   0.6636
  5.4613  -0.1803   2.0781
  5.5830   1.0204  -0.3239
  4.8651   1.5432  -0.8625
  4.6844   1.0237  -1.7714
  5.3020   0.1370  -1.8013
  3.1544   2.0904  -0.8940
  2.9326   1.5415  -1.8060
  4.7579  -0.6120   2.7555
  5.1738   0.7360   1.8963
  3.0474   2.2787   0.2591
  5.0337   1.6400   0.2604
  4.0042   1.7667  -1.3034
  4.3734   0.2744  -2.4234
  2.8082   0.7741  -2.4322
  3.4568  -3.3988   3.2032
  2.1306  -6.4723  -1.7880
  3.4568  -3.3988   3.2032
  3.4568  -3.3988   3.2032
  2.6262  -2.8920   3.1053
  2.5020  -4.0135   3.0527
  2.0477  -4.4456   2.7982
  1.5505  -4.8452   2.3739
  3.4568  -3.3988   3.2032
  3.7124  -4.2551   3.0742
  3.8759  -4.7014   2.9057
  4.0053  -5.1560   2.6578
  4.0954  -5.6375   2.2955
  3.4568  -3.3988   3.2032
  1.1590  -5.7596   1.2170
  1.6351  -6.0470   1.3301
  2.1998  -6.2830   1.4059
  2.8447  -6.4725   1.3754
  0.6949  -5.2065   1.2514
  0.3587  -5.1726   0.5820
  0.6949  -5.2065   1.2514
  1.4013  -6.4093  -0.6435
  4.1465  -6.4743   1.2380
  4.9729  -6.0208   1.4008
  4.1465  -6.4743   1.2380
  3.8434  -6.8790   0.2378
  3.3651  -6.9729  -0.4525
  4.1465  -6.4743   1.2380
  4.8322  -6.5095   0.5231
  5.3627  -6.2872   0.1539
  4.4273  -2.3769  -3.6715
  2.7451  -2.0301  -3.6841
  0.6981  -4.7519  -2.4396
  1.1890  -5.5085  -2.3588
  1.4554  -3.8096  -3.4424
  2.1306  -6.4723  -1.7880
  2.9285  -6.5573  -2.0285
  3.4145  -6.3284  -2.4487
  4.0482  -6.1653  -2.5476
  4.7736  -5.8633  -2.5506
  2.3123  -6.0343  -2.5999
  2.6994  -5.6486  -3.1143
  2.7380  -4.8136  -3.6419
  5.3115  -4.5153  -3.1677
  4.5291  -3.7759  -3.7612
  0.6894  -4.4576   1.8110
  1.1197  -4.1297   2.3528
  1.5998  -3.6436   2.7566
  3.3259  -6.0539   2.0092
  1.9810  -5.6437   2.0580
  2.4516  -5.3797   2.4662
  3.0071  -5.1221   2.7372
  3.0203  -6.8820   0.3552
  2.0691  -6.7493  -0.3913
  2.3395  -6.7307   0.4595
  1.5728  -6.4226   0.3871
  0.7888  -5.5573  -1.7294
  0.9955  -6.0158  -1.1520
  0.2894  -5.1806  -1.1071
  0.5590  -5.6815  -0.4893
  5.4417  -5.9383  -1.7662
  4.6321  -6.4148  -1.8052
  3.7284  -6.7144  -1.6722
  5.1433  -6.4004  -1.0843
  4.0990  -6.8258  -1.0547
  4.6521  -6.7174  -0.4740
  3.6133  -2.2291  -3.7948
  4.3334  -1.3838  -3.2179
  5.3458  -3.7611  -3.3450
  5.0411  -2.9644  -3.5297
  2.4951  -2.8829  -3.8637
  1.7332  -2.8264  -3.5787
  2.3972  -4.0420  -3.8090
  1.9456  -5.2813  -3.1202
  1.4702  -4.7111  -3.1778
  3.7223  -4.1893  -3.8774
  4.4732  -4.7836  -3.4995
  3.5625  -5.0539  -3.5688
  4.2505  -5.4877  -3.1556
  8.1042  -2.8457   1.4361
  5.8033  -0.8695   2.5997
  4.0164  -2.2551   3.1484
  4.2524  -3.4534   3.2241
  5.3210  -3.5998   3.2772
  5.5838  -4.0240   3.1213
  5.7551  -4.4684   2.8857
  5.8277  -4.9547   2.5416
  6.2215  -2.8127   3.1532
  6.7451  -2.9193   2.9067
  7.2683  -2.8909   2.5330
  6.2241  -0.1397   1.5932
  6.2241  -0.1397   1.5932
  7.0350  -0.7106   1.6602
  6.7192  -0.0351   0.7686
  7.2520  -0.3057  -0.2207
  5.8353  -5.8218   1.4728
  6.6206  -5.3538   1.6799
  7.1394  -4.9636   1.6407
  7.5478  -4.2702   1.7911
  5.8353  -5.8218   1.4728
  5.8353  -5.8218   1.4728
  6.4582  -5.8557   0.7956
  8.2836  -2.1147   0.6324
  8.1042  -2.8457   1.4361
  8.3377  -3.3686   0.6267
  8.3491  -3.6535  -0.0552
  7.6869  -1.8049  -1.8749
  7.8861  -2.7083  -1.8834
  6.2957  -1.9136  -3.0413
  5.7524  -5.5150  -2.0598
  6.4228  -5.2206  -2.0742
  7.3649  -4.4180  -1.9782
  6.8999  -3.8990  -2.6899
  6.2284  -3.2017  -3.2023
  7.6028  -2.0002   2.0184
  7.0123  -1.9210   2.5634
  6.6432  -1.2622   2.4900
  5.0758  -5.3869   2.2626
  4.7432  -4.4514   2.9668
  7.5188  -3.5755   2.1854
  6.7700  -4.5113   2.3953
  7.7699  -0.9223  -0.5512
  8.0453  -1.3013   0.1317
  7.7389  -1.0181   0.8618
  6.3236   0.2604  -0.2538
  7.9251  -4.6233  -0.4664
  7.9394  -4.4551   0.7803
  8.0793  -3.7001  -1.3142
  8.1299  -2.1435  -1.2422
  8.3536  -3.1779  -0.7268
  8.3538  -2.3378  -0.5581
  5.2901  -1.7494  -3.2303
  6.9279  -3.0951  -2.8520
  7.3820  -2.7557  -2.4937
  5.5323  -3.6708  -3.3032
  6.0007  -4.7655  -2.6940
 -4.1574   3.8789   1.0159
 -3.9495   4.2182  -0.0312
 -5.0289   3.6975   0.3873
 -0.0683   3.5190   0.9273
 -0.0683   3.5190   0.9273
 -0.0683   3.5190   0.9273
 -0.9735  -4.8984  -0.2594
 -0.9735  -4.8984  -0.2594
 -0.8334  -4.6836  -1.8971
 -4.4960  -4.6546  -1.5580
 -5.8475  -3.4001  -2.2246
 -5.6357  -4.0620  -1.5152
 -4.4960  -4.6546  -1.5580
  1.8597   2.2049   0.8870
  1.8597   2.2049   0.8870
  1.8597   2.2049   0.8870
  0.1614  -5.0857  -1.0542
  0.1614  -5.0857  -1.0542
  7.4615  -5.2522  -0.7815
  6.4143  -5.7791  -1.2806
  7.4615  -5.2522  -0.7815
  4.8899  -2.7334   3.3939
  4.8261  -1.1543   2.9144
  6.1128  -1.4674   2.9064
  4.8899  -2.7334   3.3939
  4.8899  -2.7334   3.3939
  4.8899  -2.7334   3.3939
  4.8899  -2.7334   3.3939
  6.5325  -0.5542  -2.1236
  5.3915  -0.1790  -2.1808
  5.9889   0.1859  -1.2746
