  0.9738   8.5607  -1.6106
  0.2026   8.7526  -1.7033
  0.9616   7.0110  -2.7158
  0.4460   4.6984  -3.3373
  0.6710   3.7076   3.3025
 -0.1688   3.2425   3.0941
 -0.5129   5.0991  -3.1990
 -0.6942   3.7320  -3.2747
 -0.2258   2.7225  -3.0568
 -1.8615   4.2972  -3.3975
 -3.6120   3.1737   2.7507
 -1.6365   3.3064   3.2423
 -1.3836   2.7849   2.9995
 -1.2337   2.2427   2.6235
 -2.2025   2.1594   2.6425
 -3.0520   2.4382   2.6341
 -2.4763   2.8413   3.0340
 -2.8204   4.6979  -3.2591
 -1.4282   3.4447  -3.2516
 -1.6456   2.6012  -2.9365
 -3.0336   6.4334   3.6224
 -3.4566   4.5924   3.2909
 -1.2282   4.2036   3.5397
 -2.2828   7.1204   3.5937
 -4.2604   5.3330   2.8520
 -3.7857   5.7931   3.2955
 -2.3209   4.2601   3.5742
 -5.6755   3.6608  -1.5876
 -2.9562   3.6361  -3.2651
 -4.7638   3.7216   2.2192
 -4.4491   4.7640  -2.6270
 -4.4695   2.5768  -2.6361
 -2.3765   1.8836  -2.6327
 -5.1071   4.5407   1.7300
 -5.6440   4.5227   0.8966
 -5.6997   4.4929  -1.2288
 -5.2084   4.1176  -2.2138
 -5.2345   3.0449  -2.1479
 -3.6897   4.1848  -3.1262
 -3.6942   3.1156  -3.1265
 -2.6711   2.7633  -3.1199
 -4.3407   2.8263   2.3549
 -5.8889   4.4523  -0.1922
 -4.5513   3.7823  -2.8105
 -3.5764   2.1596  -2.8036
  1.5108   4.3849   3.4478
  1.7760   4.4028  -3.3464
  1.5108   4.3849   3.4478
  1.5108   4.3849   3.4478
  1.5108   4.3849   3.4478
  2.0010   3.4120   3.2934
  1.5108   4.3849   3.4478
  2.6087   4.4987   3.3238
  3.2297   4.5969   3.0761
  3.8946   4.5580   2.6341
  4.2380   5.7782   1.8231
  3.0517   6.8661  -1.8385
  3.7021   5.8501   2.3711
  3.5455   5.3334   2.7400
  3.0740   7.2407  -1.1801
  1.8505   5.9340  -2.9729
  2.2747   6.5947  -2.4695
  2.8143   6.1173  -2.6517
  2.0956   3.0797   3.3070
  2.0956   3.0797   3.3070
  2.0956   3.0797   3.3070
  2.0956   3.0797   3.3070
  2.0956   3.0797   3.3070
  3.1935   3.1934   3.1830
  3.8144   3.2917   2.9353
  0.8943   2.8314  -3.1857
  1.4018   3.4983  -3.3488
  0.8986   2.1653  -3.0587
  4.5097   2.8457   2.8141
  5.1306   2.9439   2.5664
  2.2105   2.4836  -3.5546
  2.7181   3.1505  -3.7176
  2.3599   3.7746  -3.4528
  2.2148   1.8175  -3.4275
  4.9032   1.4057   2.8383
  5.4268   1.2991   2.5918
  5.6940   2.2974   2.2485
  2.8596   0.7517  -3.5850
  2.6738   0.9689   3.4691
  3.0358   2.2267   3.1205
  2.6738   0.9689   3.4691
  1.9264   1.3312   3.3972
  1.4404   1.4441   3.2610
  2.6738   0.9689   3.4691
  2.6738   0.9689   3.4691
  3.6456   0.8865   3.2658
  4.1692   0.7800   3.0193
  0.7311   0.4771  -2.8271
  1.5974   1.4185  -3.1541
  1.6021   0.2325  -3.1576
  1.4472   1.8612   3.2678
  1.4472   1.8612   3.2678
  1.4472   1.8612   3.2678
  5.4518   6.6211   0.5977
  7.2346   5.4463  -2.2680
  3.7715   6.6082  -2.4073
  4.7471   3.6949  -4.3178
  5.0370   4.7501   2.2871
  5.5799   3.7907   2.3523
  6.2008   3.8890   2.1046
  5.4518   6.6211   0.5977
  6.1396   6.1852   0.8443
  6.5958   5.7907   0.9164
  7.2092   5.0702   0.8517
  6.2691   6.6247  -0.3570
  5.4518   6.6211   0.5977
  5.0436   7.0127  -0.3477
  7.9327   4.5119  -0.5201
  7.7884   4.9826  -1.2037
  8.0033   3.1273  -0.6541
  7.8748   2.7793  -1.5553
  7.2346   5.4463  -2.2680
  6.6287   5.9396  -2.5284
  6.0228   6.1581  -2.8099
  7.4653   4.6458  -2.5804
  7.4986   3.9430  -2.7716
  7.4568   3.1973  -2.7896
  6.8510   5.1643  -3.0551
  6.4906   4.8773  -3.5230
  5.7871   4.5227  -4.0147
  3.7715   6.6082  -2.4073
  3.0167   6.0542  -2.7188
  3.7715   6.6082  -2.4073
  4.1000   5.1019  -3.9577
  3.2807   3.4287  -4.0164
  4.2651   2.2230  -3.9641
  4.6687   5.9816   1.5864
  6.6732   5.1421   1.3997
  6.5167   4.6254   1.7686
  6.0739   2.9385   2.0819
  7.3362   5.7251  -1.3940
  7.5584   5.4141  -0.5190
  7.6331   4.9505   0.1353
  7.0747   6.0723  -0.7823
  6.9666   6.0137  -0.0215
  4.8505   6.8368  -2.1750
  6.0451   6.5328  -2.1516
  5.2465   6.9840  -1.4843
  6.0292   6.7494  -1.4498
  7.9290   3.4663  -1.8265
  8.0369   3.9618  -1.1944
  4.8217   5.2260  -3.9444
  4.5052   6.0210  -3.3828
  5.2458   5.8867  -3.4409
  5.7855   5.4093  -3.6231
  3.7882   4.0955  -4.1794
  3.4300   4.7196  -3.9146
  2.6770   4.6512  -3.5059
  3.2550   5.4029  -3.4938
  3.2849   2.7626  -3.8893
  5.9172   0.7320   2.5297
  6.5381   0.8302   2.2819
  7.2031   0.7913   1.8400
  7.1884   2.1056  -2.8778
  6.8279   1.8186  -3.3457
  3.6180   0.3699  -3.8391
  6.8540   1.5667   1.9459
  7.8958   2.3553  -0.3417
  4.1255   1.0368  -4.0021
  3.7673   1.6609  -3.7373
  3.6223  -0.2962  -3.7120
  2.8470  -0.3810  -3.1763
  5.5177  -0.2165  -3.9946
  2.2783  -0.3494   3.7402
  2.2783  -0.3494   3.7402
  1.5308   0.0129   3.6683
  2.2783  -0.3494   3.7402
  2.3495  -1.2189   3.6609
  2.2783  -0.3494   3.7402
  3.2501  -0.4318   3.5369
  3.7737  -0.5383   3.2904
  4.2969  -0.5100   2.9167
  1.5497  -1.8411  -2.7306
  1.2065  -1.0858  -2.8864
  2.5608  -1.2899  -2.9195
  2.4005  -2.0456  -2.6592
  0.8975  -1.0566  -2.8795
  1.1874  -0.0013   3.7254
  1.7303  -0.9607   3.7906
  0.4155  -2.5284  -2.5258
  0.3208   0.3479   3.5714
 -0.0614  -0.6559  -2.7412
  1.3308  -1.9091  -2.7336
  0.8686  -1.3457   4.1109
  0.0967  -3.8728  -2.1403
  0.0020  -0.9965   3.9569
  1.0120  -3.2535  -2.3482
 -0.4411  -0.4569  -2.7644
 -0.8147   1.5338   2.7160
 -1.3681  -1.2688  -2.8867
 -1.0782  -0.2135   3.7182
 -1.4466   1.0179   3.0175
 -1.9448   0.1357   3.5642
 -0.9348  -2.1213  -2.7408
 -0.5286  -1.4610   4.1374
 -1.3006  -3.9881  -2.1137
 -1.3952  -1.1118   3.9834
 -0.3853  -3.3688  -2.3216
 -0.6026  -4.2123  -2.0065
 -1.8501  -3.7229   4.8393
 -4.0501  -5.4319   3.1661
 -0.9993  -6.6519   3.0226
 -1.8501  -3.7229   4.8393
 -1.2951  -2.6498   4.6501
 -2.9125  -2.9876   4.5247
 -3.4389  -2.5862   4.1202
 -1.8501  -3.7229   4.8393
 -3.3355  -4.8286   4.1933
 -1.8501  -3.7229   4.8393
 -1.3600  -4.6959   4.6849
 -1.8501  -3.7229   4.8393
 -0.7522  -3.6092   4.7153
 -0.1313  -3.5109   4.4676
 -4.3249  -2.5834   3.2441
 -4.5865  -3.7259   3.1958
 -4.0501  -5.4319   3.1661
 -2.8639  -6.3440   3.2435
 -4.0501  -5.4319   3.1661
 -4.5554  -5.3101   2.2871
 -3.9951  -6.0063   2.4052
 -3.9175  -6.2512   1.7554
 -0.3087  -6.2939   3.1928
 -0.9993  -6.6519   3.0226
 -1.1776  -7.0097   2.1312
 -1.4500  -7.1092   1.4883
 -1.7924  -7.0622   0.8488
 -0.3455  -6.7077   2.3678
 -2.6654  -6.5816  -0.0946
 -2.6654  -6.5816  -0.0946
 -2.5145  -1.4471   3.8314
 -2.8396  -2.0050   4.1398
 -2.1617  -2.3006   4.4960
 -4.1393  -4.0880   3.7543
 -3.6646  -3.6280   4.1979
 -1.7583  -6.3494   3.5939
 -1.9260  -5.8429   4.0851
 -2.7755  -5.5641   4.0767
 -2.1998  -5.1610   4.4765
 -4.8428  -4.7574   2.0975
 -4.9001  -4.0428   2.4623
 -2.8528  -6.8633   0.9273
 -2.4410  -7.0270   1.5554
 -1.9801  -6.9775   2.3569
 -2.6589  -6.8223   2.4151
 -3.2871  -6.6088   2.2121
 -3.9319  -6.1408   0.6825
 -0.6665  -6.6246  -0.0026
 -0.5274  -6.9105   1.2224
 -1.1517  -4.5576  -1.8090
 -0.5065  -5.0812  -1.4437
  2.1940  -1.5140   3.9471
  0.8930  -3.0125   4.6321
  0.4070  -2.8996   4.4958
  0.6430  -4.0979   4.5716
  1.9745  -4.6685   4.4687
  2.1457  -5.1129   4.2332
  3.6590  -3.5354   3.8804
  0.3812  -6.2632   3.0341
  0.8991  -1.9887   4.3007
  3.4030  -2.5655   3.9109
  3.0339  -1.9067   3.8374
  0.1685  -5.6228   3.6732
  0.5948  -5.3327   4.0694
  1.1338  -5.0959   4.3143
  0.1151  -5.3146  -1.2606
 -2.9691  -0.8064   3.7046
 -2.9691  -0.8064   3.7046
 -2.4141   0.2668   3.5154
 -4.0315  -0.0711   3.3900
 -2.9691  -0.8064   3.7046
 -2.9691  -0.8064   3.7046
 -2.9691  -0.8064   3.7046
 -1.6640   0.0394  -2.7864
 -2.7824   1.4982   2.8147
 -3.2807   0.6160   3.3614
 -2.6294   0.7427  -2.7161
 -2.2053   1.4034  -2.2127
 -1.6656   0.9260  -2.3948
 -2.7710  -0.6443  -3.2170
 -5.0015  -3.3312   2.5115
 -2.1728  -1.3477  -3.0475
 -2.6589  -3.3112  -3.3012
 -2.0187  -3.2991  -2.8931
 -2.1131  -2.5068  -3.0048
 -6.0551  -3.6572   2.2374
 -4.0118  -2.1174  -4.0280
 -2.9426  -4.6217  -2.9649
 -3.4075  -4.1027  -3.6767
 -4.0791  -3.4054  -4.1890
 -5.2317  -5.5906   1.2759
 -6.5297  -5.1820   1.3390
 -6.1034  -4.8919   1.7352
 -5.5643  -4.6551   1.9801
 -5.0174  -1.9532  -4.2171
 -4.1988  -1.2796  -3.6963
 -3.3796  -3.2989  -3.8388
 -2.9254  -2.9595  -3.4805
 -6.1342  -2.4844  -4.2534
 -4.7471  -6.7274  -0.1792
 -6.4221  -6.7283  -2.8866
 -3.3739  -5.7596  -2.8183
 -5.5953  -4.1483  -4.5660
 -6.1807  -5.8656   0.9063
 -6.5078  -6.9761  -0.9285
 -8.0167  -5.8971  -2.0666
 -3.1794  -5.8952  -0.9701
 -4.6593  -6.9784  -2.0686
 -3.7339  -4.1242  -3.9282
 -7.1086  -5.2075  -3.9369
 -5.0156  -5.9007  -3.9336
 -7.1128  -5.9032   0.4305
 -7.2840  -6.4338  -0.4656
 -8.0139  -5.9187  -1.0477
 -5.3447  -6.4273   0.4582
 -4.3804  -6.1166   0.4353
 -5.5820  -6.9770  -0.4392
 -3.9107  -6.4179  -0.4306
 -4.6157  -6.9761  -1.0527
 -8.3086  -5.0115  -2.5869
 -7.8736  -4.7394  -3.4487
 -6.5342  -6.9865  -2.0250
 -7.2557  -6.4537  -2.5879
 -5.5962  -6.9871  -2.5861
 -6.8047  -6.1313  -3.4778
 -5.7858  -6.4410  -3.5013
 -3.8600  -6.4133  -2.5495
 -2.8963  -5.0460  -2.5860
 -3.3904  -5.0081  -3.4275
 -4.0418  -5.8156  -3.5281
 -5.3176  -3.2905  -4.4321
 -4.6858  -4.1345  -4.4262
 -6.3288  -3.5995  -4.4271
 -6.3333  -4.6688  -4.4273
 -5.3101  -5.0211  -4.4207
 -6.3743  -6.5218   0.1929
 -7.2962  -6.6571  -1.4371
 -5.6944  -7.1755  -1.4531
 -7.7312  -5.7195  -3.0043
 -3.6622  -6.4828  -1.5222
 -4.7165  -6.6424  -3.0072
 -4.2393  -4.9547  -4.1205
 -7.1904  -4.0020  -4.1114
 -6.2155  -5.6247  -4.1045
 -6.0409  -1.4754   2.9968
 -3.9976   0.0644  -3.2686
 -5.5501  -2.4734   2.7395
 -5.0031   0.2286  -3.4577
 -4.1846   0.9022  -2.9369
 -4.8203  -0.8822  -3.7899
 -5.8258  -0.7180  -3.9790
 -4.8208   2.5096   2.7877
 -6.6078   1.1239   3.3365
 -6.9490   1.4841   3.1094
 -7.3325   1.8069   2.7620
 -6.3718  -0.0744   3.4122
 -7.1144  -0.7296   2.9316
 -5.0403  -0.6449   3.3094
 -5.2151   3.4032   1.8838
 -5.8738   3.4276   1.8582
 -6.7013   3.2124   1.8735
 -7.9687   2.3470   1.7253
 -8.3785   1.5774   1.7664
 -8.5325   0.8792   1.8074
 -7.9687   2.3470   1.7253
 -7.9283   2.7857   1.0735
 -7.9754   2.8873   0.5382
 -7.7456   3.1237   0.0677
 -7.4943   3.2354  -0.5022
 -7.9687   2.3470   1.7253
 -8.6681   1.8303   0.6903
 -4.3285   1.4654  -2.8532
 -6.3288   3.4588  -1.3455
 -6.8923   3.1464  -1.5325
 -7.3500   2.6443  -1.8067
 -6.1878   2.7322  -2.3379
 -7.1158   2.5275   2.4140
 -6.4150   2.7514   2.5630
 -5.6617   2.8364   2.6228
 -6.1157   2.0349   3.1413
 -3.6118   1.4581   2.7515
 -3.9809   2.1168   2.6781
 -8.0990   0.2978   2.4354
 -7.9920   1.1372   2.4703
 -7.5118  -0.1319   2.8842
 -7.5055   0.6701   2.9554
 -6.4200  -1.3091   2.9101
 -5.8809  -1.0723   3.1549
 -7.1651   3.4327   0.8333
 -6.2899   3.7286   0.9523
 -8.8532   0.8953   1.0071
 -7.8022   2.7166  -1.1612
 -8.3089   2.4346  -0.4772
 -5.3340   1.6297  -3.0423
 -4.5155   2.3032  -2.5215
 -6.4509   1.0984  -3.0786
 -7.4017   1.7149  -2.4502
 -6.8256   2.1258  -2.5617
-10.6297  -1.7430  -2.5095
 -9.9304   0.5722  -0.7069
 -9.7006   0.8086  -1.1774
 -7.0425   0.8918  -3.0858
 -6.2835  -0.8497  -4.0983
 -8.2839   1.1436  -2.5906
 -8.8474   0.8313  -2.7776
 -9.3051   0.3292  -3.0518
 -8.1428   0.4170  -3.5830
-10.6297  -1.7430  -2.5095
 -9.6688  -3.7081  -2.9481
-10.6297  -1.7430  -2.5095
-10.1899  -1.7815  -3.2215
 -9.8154  -2.0663  -3.6052
 -9.2721  -2.1582  -3.9967
 -8.4944  -4.3273  -3.1745
 -6.3508  -2.1378  -4.2593
 -9.1202   1.1176  -0.4119
-10.2578  -0.3129  -2.4759
 -9.7572   0.4015  -2.4064
-10.2639   0.1194  -1.7224
 -7.2891  -0.6855  -4.2874
 -6.4705  -0.0119  -3.7666
 -8.4059  -1.2168  -4.3237
 -9.6364  -1.1899  -3.6938
 -9.3568  -0.6002  -3.6953
 -8.7806  -0.1893  -3.8068
 -9.3297  -3.0691  -3.6962
 -7.0469  -2.6069  -4.3602
 -9.5256  -5.4466  -1.3273
 -8.1824  -2.3723   3.3759
 -8.1824  -2.3723   3.3759
 -8.9298  -2.0101   3.3040
 -9.4157  -1.8972   3.1678
 -9.7570  -1.5370   2.9407
-10.1404  -1.2142   2.5933
 -9.1797  -3.0955   3.2435
 -9.9224  -3.7508   2.7629
 -8.1824  -2.3723   3.3759
 -8.1111  -3.2419   3.2966
 -7.8483  -3.6660   3.1406
 -7.6770  -4.1104   2.9051
 -7.6044  -4.5967   2.5609
 -8.1824  -2.3723   3.3759
 -7.2106  -2.4548   3.1726
 -6.6870  -2.5613   2.9261
 -8.6818   0.4064   1.6894
 -9.5093   0.1912   1.7048
-10.7767  -0.6741   1.5565
-11.1864  -1.4438   1.5976
-11.3404  -2.1420   1.6387
-11.3479  -2.9313   1.6181
-10.7767  -0.6741   1.5565
-10.7363  -0.2354   0.9048
-10.7833  -0.1338   0.3695
-10.5535   0.1026  -0.1010
-10.3023   0.2143  -0.6709
-10.7767  -0.6741   1.5565
-11.4761  -1.1908   0.5215
-10.4380  -4.7536   1.5348
 -9.9825  -5.0327   1.6382
 -9.4416  -5.2608   1.7061
 -8.8231  -5.4481   1.6627
-10.8905  -4.2305   1.5368
-11.2173  -4.1900   0.8825
-11.4538  -3.9494   0.3819
-11.5989  -3.5555  -0.4812
-10.8905  -4.2305   1.5368
-10.2663  -5.3432  -0.3185
 -7.5968  -5.4639   1.4921
 -6.8115  -4.9958   1.6992
 -7.5968  -5.4639   1.4921
 -7.5968  -5.4639   1.4921
-10.5218  -4.4141  -1.8717
-11.0428  -2.4875  -2.1451
-10.6683  -2.7723  -2.5289
 -9.5256  -5.4466  -1.3273
 -8.7422  -5.5384  -1.5435
 -9.3473  -5.0333  -2.0981
 -8.9721  -4.6626  -2.5915
 -9.9238  -0.4937   2.2453
 -9.2230  -0.2698   2.3942
-10.8132  -3.5305   2.1509
-10.9070  -2.7233   2.2666
-10.7999  -1.8840   2.3016
-10.3198  -3.1530   2.7155
-10.3135  -2.3511   2.7867
 -8.3563  -5.0289   2.2820
 -9.6543  -4.6204   2.3451
 -9.2280  -4.3302   2.7414
 -8.6889  -4.0935   2.9862
 -6.6621  -4.1534   2.4147
 -9.9731   0.4116   0.6645
 -9.0979   0.7074   0.7836
-11.6453  -3.0053   0.8535
-11.6611  -2.1259   0.8384
-11.1107  -1.0189  -1.3995
-10.6101  -0.3045  -1.3300
-11.1169  -0.5866  -0.6460
 -9.5847  -5.7063  -0.0187
 -9.2717  -5.7087   0.7812
-10.0354  -5.4071   0.7202
-10.7460  -4.6633  -1.2143
-11.2161  -3.7984  -1.4156
-11.2363  -4.2506  -0.7146
-10.9584  -4.7469  -0.1898
 -9.7077  -4.3122  -2.5887
-10.1826  -3.7751  -2.6198
  5.7418  -2.4726   2.4339
  6.2082  -0.8169   2.7014
  6.7318  -0.9235   2.4549
  2.7505  -1.1345  -3.0001
  3.2937  -1.2264  -3.3915
  6.9990   0.0748   2.1116
  4.1647  -1.4709  -3.7220
  3.7111  -2.6743  -3.0599
  3.2362  -2.1372  -3.0910
  6.3472  -1.6690  -4.2493
  6.5722  -2.6598   2.3905
  7.1800  -1.5731   2.4208
  7.8009  -1.4749   2.1731
  8.4659  -1.5138   1.7311
  8.8251  -2.8997   1.0183
  4.8808  -1.9351  -3.9479
  5.8652  -3.1408  -3.8956
  8.1168  -0.7384   1.8371
  8.8979  -2.1892   1.2330
  8.3186  -2.3808   1.7631
  7.6741  -2.4253   2.1503
  9.2245  -3.0364   0.1150
  5.3884  -1.2683  -4.1110
  5.2125  -3.1869  -3.7132
  4.8851  -2.6013  -3.8209
  4.5077  -3.3863  -3.2130
  4.1098  -2.6860  -3.2852
  6.7805  -2.5215  -4.1034
  7.4258  -3.0452  -3.7381
  6.5631  -3.3650  -3.7884
  4.3026  -3.4471   3.5734
  1.3825  -3.9074  -2.5476
  4.7750  -2.1940   2.8685
  4.6185  -2.7107   3.2374
  1.3867  -4.5735  -2.4206
  0.6115  -4.6583  -1.8849
  3.5548  -4.9213   4.0059
  3.5548  -4.9213   4.0059
  3.5548  -4.9213   4.0059
  3.6261  -5.7909   3.9266
  3.5548  -4.9213   4.0059
  4.5266  -5.0038   3.8026
  5.0502  -5.1103   3.5561
  5.5734  -5.0819   3.1824
  1.0689  -5.3213  -1.8988
  1.6121  -5.4132  -2.2903
  3.4703  -7.8835  -1.2901
  2.7651  -7.2116  -1.9615
  2.8263  -6.4131  -2.4649
  5.3174  -4.1120   3.2128
  5.0751  -6.7024   3.0447
  2.4831  -5.6578  -2.6208
  2.0295  -6.8612  -1.9587
  1.5546  -6.3241  -1.9898
  3.6770  -6.6176  -2.3936
 10.0065  -0.9625   0.0689
  9.4929   0.6418  -2.6589
  7.2933  -0.9643  -4.3389
  9.6962   0.8009  -0.6825
  8.2075   1.8966  -1.8255
  7.8707   0.8303  -3.6911
  9.1547  -0.9402  -3.7010
  7.8729  -2.7167  -3.7064
  8.4552   0.9952   0.7232
  8.9416   1.3447  -0.1874
  8.2245   1.8955  -0.7968
  9.5489  -0.3406   0.6428
  9.5273  -1.3938   0.7135
  9.9876  -0.0732  -0.2046
 10.2920  -0.8627  -0.8182
  9.7060   0.8274  -1.7878
  8.9892   1.3489  -2.3267
 10.0057  -0.0377  -2.3165
  8.8087   0.8306  -3.2368
  9.4276  -0.0542  -3.2661
  7.5710  -0.1065  -4.2050
  8.2028  -0.9504  -4.1991
  6.5598  -0.4155  -4.1999
  7.5784  -1.8370  -4.1936
  8.8699  -0.7381   1.2903
  9.2619   0.5252   0.4820
  9.3751  -2.3516   0.4179
  9.1569   1.4445  -1.2003
 10.1418   0.1012  -1.2286
  8.1287   1.5722  -2.7685
  9.9503  -0.8528  -2.7695
  8.4972   0.0835  -3.8896
  6.9318   0.5804  -3.8985
  8.6492  -1.7707  -3.8934
  8.5180  -4.5153  -2.0245
  7.7717  -3.9527   1.7049
  8.7126  -4.6508  -0.1762
  7.2327  -5.7340  -1.2747
  4.7834  -3.9632  -3.1431
  6.8763  -4.6564  -3.1397
  7.0422  -3.3968   2.1713
  7.5116  -4.8722   1.2291
  7.9812  -5.1736   0.3633
  8.5307  -3.3335   1.2803
  9.0255  -3.7421   0.3004
  4.0184  -3.4951  -2.6549
  6.1062  -5.1967  -2.7075
  8.0319  -5.1690  -1.7556
  8.9956  -3.8017  -1.7921
  8.5015  -3.7638  -2.6336
  7.8502  -4.5713  -2.7343
  6.5818  -3.7767  -3.6269
  8.3784  -4.2913   0.9847
  8.2298  -5.2385  -0.7283
  9.1509  -3.9303  -0.6276
  7.1754  -5.3981  -2.2134
  7.6526  -3.7103  -3.3267
  5.6765  -4.3804  -3.3106
  2.7017  -5.9874   4.0511
  0.5145  -7.6136   2.3755
  3.5592  -8.6174   2.3617
  1.8874  -8.6140  -0.3501
  2.1259  -7.7514   3.4433
  4.1879  -7.0940   3.4498
  1.8017  -8.8622   1.6094
  0.2957  -7.7802   0.4716
  3.6410  -8.8720   0.4683
  1.2033  -7.0888  -1.3998
  1.7922  -5.9520   3.9056
  2.4162  -6.8529   3.9212
  3.4504  -6.5408   3.9171
  0.5769  -6.9194   2.9746
  1.1956  -7.7846   2.9681
  0.0128  -6.9144   2.0730
  1.0261  -8.3173   2.0726
  0.2979  -7.8005   1.4915
  2.9629  -8.3156   2.9968
  3.9270  -8.0073   2.9761
  2.7257  -8.8650   2.0995
  4.3935  -8.3105   2.1170
  3.6870  -8.8685   1.4887
  0.0052  -6.8929  -0.0486
  0.4405  -6.6191  -0.9112
  1.7755  -8.8727   0.5122
  1.0554  -8.3383  -0.0507
  2.7105  -8.8751  -0.0501
  1.5060  -8.0154  -0.9413
  2.5225  -8.3267  -0.9663
  4.4215  -8.3188  -0.0323
  1.3220  -6.8336   3.5877
  3.0719  -7.5398   3.6243
  1.9343  -8.4075   2.7307
  4.7960  -7.4270   2.7342
 -0.1960  -6.8781   1.1402
  1.0146  -8.5418   1.1009
  2.6131  -9.0637   1.0847
  0.5811  -7.6025  -0.4668
  4.6193  -8.3995   1.0396
  3.5838  -8.5328  -0.4760
  2.0945  -7.5078  -1.5686
  5.4602  -7.7913   1.5242
  7.3253  -5.2104   1.5450
  6.8334  -6.8235  -1.1150
  4.6121  -5.2122  -2.8627
  6.0871  -6.2609   2.6144
  7.0279  -6.9591   0.7333
  5.5480  -8.0423  -0.3652
  5.1917  -6.9646  -2.2302
  5.8269  -7.1805   2.1386
  6.2966  -7.4818   1.2728
  5.5916  -8.0400   0.6506
  6.8677  -4.5886   2.1190
  6.8460  -5.6418   2.1897
  7.3408  -6.0503   1.2099
  4.6111  -8.0510  -0.8828
  4.4216  -7.5049  -1.7980
  6.3473  -7.4772  -0.8461
  7.3110  -6.1099  -0.8826
  6.8169  -6.0721  -1.7241
  6.1655  -6.8795  -1.8248
  5.5215  -5.1984  -2.7229
  3.8785  -4.6634  -2.7237
  3.8740  -5.7327  -2.7240
  4.8972  -6.0850  -2.7174
  6.1887  -4.9861   2.7665
  6.6938  -6.5995   1.8941
  6.5451  -7.5467   0.1811
  7.4662  -6.2385   0.2819
  5.4908  -7.7064  -1.3039
  5.9680  -6.0186  -2.4172
  3.9918  -6.6886  -2.4012
 -5.8974   6.7563  -1.4727
 -3.3446   7.1952   3.2643
 -3.8306   7.3081   3.1281
 -4.1718   7.6683   2.9010
 -4.5553   7.9910   2.5536
 -3.9241   9.3965   1.6651
 -2.7646  10.0818   0.0429
 -3.2039  10.0339  -0.4763
 -5.1915   8.5311   1.5169
 -5.6013   7.7615   1.5580
 -5.7553   7.0633   1.5990
 -5.7627   6.2739   1.5785
 -5.1915   8.5311   1.5169
 -5.1511   8.9699   0.8652
 -5.1982   9.0714   0.3298
 -4.9684   9.3079  -0.1406
 -4.7171   9.4195  -0.7106
 -5.1915   8.5311   1.5169
 -5.8909   8.0144   0.4819
 -6.1195   7.4319  -0.2468
 -5.3054   4.9748   1.4971
 -5.3054   4.9748   1.4971
 -0.8889   8.8984  -1.7771
 -1.5390   9.1992  -1.9564
 -2.3102   9.3911  -2.0491
 -3.5516   9.6429  -1.5539
 -4.1151   9.3306  -1.7408
 -4.5728   8.8285  -2.0151
 -3.4106   8.9163  -2.5463
 -5.8974   6.7563  -1.4727
 -5.8974   6.7563  -1.4727
 -5.4577   6.7177  -2.1847
 -5.0831   6.4330  -2.5685
 -4.5399   6.3410  -2.9599
 -3.3257   5.3412  -3.1346
 -4.3386   8.7116   2.2057
 -3.6378   8.9355   2.3546
 -2.8845   9.0205   2.4144
 -3.3385   8.2190   2.9329
 -5.2281   5.6748   2.1113
 -5.3218   6.4819   2.2270
 -5.2148   7.3213   2.2619
 -4.7346   6.0522   2.6758
 -4.7283   6.8542   2.7470
 -4.3879   9.6169   0.6249
 -3.5127   9.9127   0.7439
 -2.7552   9.8280  -1.3459
 -1.7449   9.6572  -1.3132
 -2.1808   9.9550  -0.7348
 -1.5234   9.8236  -0.2741
 -6.2058   6.7835   0.0380
 -6.0759   7.0794   0.7987
 -5.5256   8.1864  -1.4391
 -5.0250   8.9007  -1.3696
 -5.5317   8.6187  -0.6856
 -5.6310   5.4069  -1.4553
 -5.6511   4.9547  -0.7543
 -1.7382   8.4873  -2.7299
 -3.6737   7.2825  -3.2870
 -4.9042   7.3094  -2.6570
 -4.6245   7.8991  -2.6586
 -4.0484   8.3099  -2.7700
 -3.6690   6.0965  -3.2904
 -4.5974   5.4302  -2.6595
 -0.5646   2.4621  -2.9899
 -1.5649   1.8257  -2.5086
  0.1624   1.6725  -2.5849
 -2.1161   5.6935   4.0220
 -2.1161   5.6935   4.0220
 -2.5753   4.4751   3.6386
 -2.1161   5.6935   4.0220
  0.7039   1.9683   3.2758
  0.7039   1.9683   3.2758
  0.7039   1.9683   3.2758
 -0.9201   1.8903   2.4946
  4.2615   7.0688  -0.5034
  3.5170   6.9694  -1.2120
  6.0259   3.6530  -4.0882
  4.9711   2.9973  -4.2834
  6.5744   2.7611  -3.6272
  5.6981   2.2076  -3.8784
  7.1129   3.9425   1.5319
  7.8330   3.7505   0.4158
  7.8330   3.7505   0.4158
  7.1321   2.8659   1.3484
  6.7963   2.2159   1.6815
  7.4160   1.3796   1.5689
  6.1932   1.0494  -3.9733
  5.1384   0.3937  -4.1685
  5.4870   1.7679  -3.9897
 -0.4890  -5.5959   4.0951
 -0.9439  -6.5797  -0.3146
 -1.9883  -6.2731  -0.9152
 -1.0088  -5.7620  -1.2298
  1.3860  -3.5918   4.7705
  2.6089  -2.3258   4.2831
  1.3860  -3.5918   4.7705
  1.3860  -3.5918   4.7705
  1.3860  -3.5918   4.7705
  1.3860  -3.5918   4.7705
 -1.7673  -4.9628  -1.8642
 -2.4021  -4.7095  -2.5781
 -5.7071   0.4856   3.6160
 -4.4842   1.7515   3.1285
 -5.7071   0.4856   3.6160
 -5.7071   0.4856   3.6160
 -5.7071   0.4856   3.6160
 -5.7071   0.4856   3.6160
 -8.5635   2.1464  -0.2377
 -8.0041  -4.0411  -3.6951
 -7.7515  -2.7404  -4.4147
 -8.7518  -3.3768  -3.9333
 -9.3134   1.0714  -0.6903
 -8.6973   1.3227  -2.0236
 -7.5036  -5.8186   0.6827
 -7.5036  -5.8186   0.6827
-11.6776  -2.2241  -1.1527
-11.6776  -2.2241  -1.1527
-11.6776  -2.2241  -1.1527
-11.7989  -2.6569   0.1796
 -8.6033  -0.6086   2.8638
 -7.3167  -0.9217   2.8558
  3.1660  -2.4397  -2.9089
  4.6131  -1.2394   2.9621
  4.6131  -1.2394   2.9621
  4.6131  -1.2394   2.9621
  4.6131  -1.2394   2.9621
  4.6131  -1.2394   2.9621
  1.4311  -3.4171  -2.5936
  2.5792  -3.8324  -2.8753
  1.9148  -2.4948  -2.6146
 -3.2585   9.7080   1.5376
 -3.0507  10.0473   0.4904
 -5.8267   5.1246   0.6777
 -6.1763   6.1697   0.6098
 -1.6733   7.0100  -3.3048
 -2.7280   6.3543  -3.5001
 -2.3794   7.7286  -3.3212
 -1.2129   1.3194  -2.3585
  9.8238  -3.0631  -2.0408
  9.8115  -2.9949  -0.7644
 10.3379  -1.4727  -0.8331
 10.3379  -1.4727  -0.8331
  9.9119  -1.1038  -2.9210
 10.3217  -1.8742  -2.1505
  8.7765  -3.5900  -2.5399
  9.8238  -3.0631  -2.0408
  9.5879  -2.2188  -3.2039
  9.6370  -2.3573   0.0995
  8.7116  -2.7723  -3.4551
  3.4183   6.9359   2.8531
  0.5638   7.0513   4.7735
  0.9258   8.3091   4.4249
  1.1174   8.9121   4.0166
  0.5638   7.0513   4.7735
 -0.1836   7.4136   4.7016
 -0.6695   7.5265   4.5654
 -1.0107   7.8867   4.3383
 -1.3942   8.2094   3.9909
 -0.4335   6.3281   4.6411
 -1.1762   5.6729   4.1605
  0.5638   7.0513   4.7735
  0.5638   7.0513   4.7735
  1.5357   6.9689   4.5702
  2.0593   6.8623   4.3237
  2.5824   6.8907   3.9500
  1.5383   9.6419   3.0101
  0.7232   9.8057   3.1127
  0.0644   9.8301   3.0870
 -0.7631   9.6149   3.1024
  1.5383   9.6419   3.0101
  2.3492   9.0709   3.0771
  2.0334   9.7464   2.1855
  2.5661   9.4758   1.1963
  1.1420  10.0612   2.3608
  0.7819  10.2298   1.9320
  0.3965  10.3002   1.4802
 -0.0429  10.2523   0.9609
 -2.0305   8.7495   2.9541
 -2.0305   8.7495   2.9541
 -2.0305   8.7495   2.9541
  2.8619   5.5114   3.2081
  3.5978   7.6668   2.0493
  3.4183   6.9359   2.8531
  3.6518   6.4130   2.0437
  2.2722   9.1168  -0.3398
  1.6221   9.4176  -0.5192
  0.8508   9.6095  -0.6118
  3.0010   7.9767  -0.4580
 -0.3906   9.8613  -0.1166
 -0.9541   9.5489  -0.3036
 -1.1776   8.9300   3.6429
 -0.4768   9.1539   3.7918
  0.2766   9.2389   3.8517
 -0.1774   8.4374   4.3702
  2.9170   7.7813   3.4353
  2.3265   7.8606   3.9804
  1.9574   8.5193   3.9069
 -2.0537   7.5397   3.6992
 -1.5736   6.2706   4.1131
 -1.5673   7.0726   4.1843
 -0.9080   4.8033   3.7427
  2.8329   6.2061   3.6023
  2.0841   5.2703   3.8123
  3.0840   8.8593   0.8658
  3.3595   8.4803   1.5487
  3.0531   8.7635   2.2788
  0.4059  10.0464   0.0913
  1.4162   9.8756   0.1241
  0.9803  10.1733   0.7025
  1.6377  10.0419   1.1631
  1.4228   8.7057  -1.2926
  0.4985   8.0904  -2.3876
  0.1655   7.1918  -2.9528
  0.8594   4.4900   3.7313
 -0.2638   5.2264   4.3605
  1.3839   5.7791   4.4282
  0.8594   4.4900   3.7313
 -0.7630   9.8746   2.6425
 -0.5551  10.2139   1.5954
 -1.6345   9.6932   2.0139
 -1.0184   9.9444   0.6806
  3.4138   8.3979   0.7924
  3.4138   8.3979   0.7924
  3.2669   7.6129  -0.2852
